"Frame","Time","TrackId","x","y","ValueChanged"
#4631.mp4
#-v --headless --default knn-medium.def --fps 240 --view-scale 1163.09 --csv-units m 4631.mp4
137,0.5708333333333333,0,0.3427343192487254,0.6590752063368108,true
138,0.575,0,0.34324011618061856,0.6588693401373175,true
139,0.5791666666666667,0,0.3435414113079169,0.6588789958550607,true
140,0.5833333333333334,0,0.3436832559006343,0.6588773690765278,true
141,0.5875,0,0.3434830047109156,0.6590003745243006,true
142,0.5916666666666667,0,0.34347841299731485,0.6591991563656672,true
143,0.5958333333333333,0,0.3434422565325045,0.659272203969464,true
144,0.6,0,0.3433858440511241,0.6592838538028281,true
145,0.6041666666666666,0,0.34348282104237154,0.6591328257829091,true
146,0.6083333333333333,0,0.3435143595552177,0.6589980655483185,true
147,0.6125,0,0.34359171025061747,0.6588857128760995,true
148,0.6166666666666667,0,0.3435975351672995,0.6589094323566427,true
149,0.6208333333333333,0,0.343502552291673,0.6589408659160352,true
150,0.625,0,0.3435350353856027,0.6589583406660814,true
151,0.6291666666666667,0,0.34365476103794634,0.6590041528486349,true
152,0.6333333333333333,0,0.34373205925661926,0.659241714991155,true
153,0.6375,0,0.3437926698761489,0.659341630679107,true
154,0.6416666666666667,0,0.3439137861617545,0.6594167248752515,true
155,0.6458333333333334,0,0.34405956650898684,0.6593721721341427,true
156,0.65,0,0.3441889741174372,0.6593477179794234,true
157,0.6541666666666667,0,0.3442580859667191,0.6593392692263981,true
158,0.6583333333333333,0,0.34421384808597144,0.6593890696401934,true
159,0.6625,0,0.3441739920119171,0.6594162525847097,true
160,0.6666666666666666,0,0.34414415899269407,0.6594283222318889,true
161,0.6708333333333333,0,0.34412469012702696,0.6594315233122277,true
162,0.675,0,0.3441135912992949,0.6594303688242366,true
163,0.6791666666666667,0,0.3441082911498815,0.6594275875577127,true
164,0.6833333333333333,0,0.34414943290374406,0.6594836851787319,true
165,0.6875,0,0.3441740707270074,0.6595150137846706,true
166,0.6916666666666667,0,0.34418666514145513,0.6595295498380124,true
167,0.6958333333333333,0,0.3441612926440156,0.6595342202667034,true
168,0.7,0,0.34412555599302025,0.6595455027629795,true
169,0.7041666666666667,0,0.3441050900695427,0.659549595947675,true
170,0.7083333333333334,0,0.34409527692161884,0.6595498058545824,true
171,0.7125,0,0.34409197088782634,0.6595483365062302,true
172,0.7166666666666667,0,0.34417588117408426,0.6596364974073643,true
173,0.7208333333333333,0,0.344225340489155,0.6596863502978865,true
174,0.725,0,0.3442500832658721,0.6597097549180685,true
175,0.7291666666666666,0,0.34425934540816383,0.6597172066132834,true
176,0.7333333333333333,0,0.34426015879743027,0.6597164194623805,true
177,0.7375,0,0.3442572463390892,0.659712326277685,true
178,0.7416666666666667,0,0.34425336306130117,0.6597076558489939,true
179,0.7458333333333333,0,0.3442498471206012,0.6597036676177521,true
180,0.75,0,0.3442472232842579,0.6597008338745014,true
181,0.7541666666666667,0,0.3442455177906348,0.659699049665788,true
182,0.7583333333333333,0,0.3442445469711878,0.6596981050847044,true
183,0.7625,0,0.344244074680646,0.6596976852708895,true
184,0.7666666666666667,0,0.3442439172504654,0.6596975803174357,true
185,0.7708333333333334,0,0.3443342296974009,0.6597380923505759,true
186,0.775,0,0.34438594551172685,0.6597613395405773,true
187,0.7791666666666667,0,0.3444107407651708,0.6597725695601265,true
188,0.7833333333333333,0,0.3444242797607021,0.6597627039354758,true
189,0.7875,0,0.3444269560737723,0.6597547799497191,true
190,0.7916666666666666,0,0.3444244896676096,0.6597493223701251,true
191,0.7958333333333333,0,0.34442037024455063,0.6597460163363326,true
192,0.8,0,0.34447339797704823,0.6596835690313626,true
193,0.8041666666666667,0,0.3445247726926496,0.6596810501484731,true
194,0.8083333333333333,0,0.34455080114917486,0.6596831492175477,true
195,0.8125,0,0.3445607717272793,0.6596867176349746,true
196,0.8166666666666667,0,0.3445400434201674,0.659657278191203,true
197,0.8208333333333333,0,0.3444421218478364,0.6595447156120765,true
198,0.825,0,0.3443850009306433,0.6594824257372871,true
199,0.8291666666666667,0,0.3443568209283165,0.6594541407815067,true
200,0.8333333333333334,0,0.3443466404433046,0.6594459544121156,true
201,0.8375,0,0.3443914030913209,0.6594565547109424,true
202,0.8416666666666667,0,0.3444116853462544,0.6594831604114633,true
203,0.8458333333333333,0,0.3444234663714357,0.6595008975451438,true
204,0.85,0,0.3444292388113909,0.6595112354603363,true
205,0.8541666666666666,0,0.3444312854037387,0.6595163257028422,true
206,0.8583333333333333,0,0.3444626664864042,0.6594940230939245,true
207,0.8625,0,0.34447980013772583,0.6594802741914857,true
208,0.8666666666666667,0,0.3444873830247579,0.6594730324031782,true
209,0.8708333333333333,0,0.3444610397078714,0.6594736621239006,true
210,0.875,0,0.3444440897250938,0.6594751314722528,true
211,0.8791666666666667,0,0.34443456519916776,0.6594766008206051,true
212,0.8833333333333333,0,0.3445747042982621,0.6596445263465747,true
213,0.8875,0,0.3448404202047456,0.6598005396555459,true
214,0.8916666666666667,0,0.34502007427916964,0.6598690217841053,true
215,0.8958333333333334,0,0.3451043256641522,0.659894158136274,true
216,0.9,0,0.3451310100797633,0.6598958898682604,true
217,0.9041666666666667,0,0.3449935735321025,0.6597095974878879,true
218,0.9083333333333333,0,0.34490176549845136,0.6595968774785808,true
219,0.9125,0,0.3448480555685045,0.6595383134513989,true
220,0.9166666666666666,0,0.3449370560972684,0.659497329127717,true
221,0.9208333333333333,0,0.3449934685786488,0.6594833178416438,true
222,0.925,0,0.34502450856258976,0.6594835802252782,true
223,0.9291666666666667,0,0.3450384936102994,0.6594898249557751,true
224,0.9333333333333333,0,0.3451973931392482,0.6594760760533365,true
225,0.9375,0,0.3452848456045695,0.6594704085668349,true
226,0.9416666666666667,0,0.3453242293880821,0.6594693065555708,true
227,0.9458333333333333,0,0.34533522326236044,0.6594703036133812,true
228,0.95,0,0.34529290078214336,0.6594877783634274,true
229,0.9541666666666667,0,0.3452149466043847,0.6594658955683245,true
230,0.9583333333333334,0,0.3452212962883354,0.6594011392873724,true
231,0.9625,0,0.34522772468737645,0.6593649303458353,true
232,0.9666666666666667,0,0.34518687155551164,0.6593531755590174,true
233,0.9708333333333333,0,0.3449840752445399,0.6593116664680668,true
234,0.975,0,0.34483142044608817,0.6592505835579954,true
235,0.9791666666666666,0,0.34475658863357794,0.6592201470564133,true
236,0.9833333333333333,0,0.34488733439856334,0.6591727605720538,true
237,0.9875,0,0.34509425013259404,0.6590425133359736,true
238,0.9916666666666667,0,0.3452148678892944,0.6589741886375947,true
239,0.9958333333333333,0,0.345216966958369,0.6587476466077163,true
240,1.0,0,0.3451869240322385,0.6588248398729355,true
241,1.0041666666666667,0,0.3453132355138038,0.6589662121751112,true
242,1.0083333333333333,0,0.3453817701190901,0.6590551077504213,true
243,1.0125,0,0.3453122122176299,0.6590180591812543,true
244,1.0166666666666666,0,0.34526291033273976,0.6589906663298305,true
245,1.0208333333333333,0,0.34542616543001836,0.659167985189909,true
246,1.025,0,0.3455205710616494,0.6592694751796669,true
247,1.0291666666666666,0,0.34556651443602016,0.6593181211054713,true
248,1.0333333333333334,0,0.34558259855280443,0.6593345463209801,true
249,1.0375,0,0.3455827822213484,0.6593339690769846,true
250,1.0416666666666667,0,0.34557622263049026,0.6593263599515892,true
251,1.0458333333333334,0,0.345568141214553,0.6593173339545683,true
252,1.05,0,0.345561109333153,0.6593095149222653,true
253,1.0541666666666667,0,0.34555594037555676,0.6593038999124907,true
254,1.0583333333333333,0,0.3455526343417642,0.659300279018337,true
255,1.0625,0,0.3455507714179605,0.6592982849027161,true
256,1.0666666666666667,0,0.3455499317903306,0.6592973927983594,true
257,1.0708333333333333,0,0.3455496694066963,0.6592971828914519,true
258,1.075,0,0.34554972188342314,0.6592972353681787,true
259,1.0791666666666666,0,0.34554987931360376,0.6592974452750863,true
260,1.0833333333333333,0,0.3455500629821478,0.6592976551819937,true
261,1.0875,0,0.3455502204123284,0.6592978126121743,true
262,1.0916666666666666,0,0.3455503253657821,0.659297917565628,true
263,1.0958333333333334,0,0.34555037784250897,0.6592979700423549,true
264,1.1,0,0.3455504303192359,0.6592980225190818,true
273,1.1375,0,0.3455504303192359,0.6592980225190818,false
274,1.1416666666666666,0,0.34632472442413637,0.6592905708238669,true
275,1.1458333333333333,0,0.3468933359980875,0.6590960920741032,true
276,1.15,0,0.3471393993703599,0.6588809374939547,true
277,1.1541666666666666,0,0.34734332393095924,0.6586886627667196,true
278,1.1583333333333334,0,0.34748983895236774,0.6586507745699226,true
279,1.1625,0,0.3476487122429531,0.6586516666742793,true
280,1.1666666666666667,0,0.34778961225458693,0.658724346940988,true
281,1.1708333333333334,0,0.34783883542438676,0.6587762989005849,true
282,1.175,0,0.34782986190409276,0.6588546466537951,true
283,1.1791666666666667,0,0.3478042532613824,0.6588984647207278,true
284,1.1833333333333333,0,0.3477261416534431,0.6588826692259413,true
285,1.1875,0,0.34767463574602464,0.6588681856493264,true
286,1.1916666666666667,0,0.3476449339186187,0.6588572704901384,true
287,1.1958333333333333,0,0.3477397593640647,0.6588394284030041,true
288,1.2,0,0.3477972213799824,0.6588291954412654,true
289,1.2041666666666666,0,0.3478271331142958,0.65882426262894,true
290,1.2083333333333333,0,0.3478392552382017,0.6588225833736803,true
291,1.2125,0,0.34785106250174647,0.6586543429873495,true
292,1.2166666666666666,0,0.3478540799135412,0.6585588878211811,true
293,1.2208333333333334,0,0.34785276799536957,0.6585137578360768,true
294,1.225,0,0.3478499080137554,0.6584991168292813,true
295,1.2291666666666667,0,0.34784696931705095,0.6585003237939993,true
296,1.2333333333333334,0,0.3478349259082353,0.6586762782591793,true
297,1.2375,0,0.3478788751669852,0.658816076259549,true
298,1.2416666666666667,0,0.3479044575713321,0.658889438723707,true
299,1.2458333333333333,0,0.3479170519857798,0.6589197702718352,true
300,1.25,0,0.3478903675701687,0.6588830365630294,true
301,1.2541666666666667,0,0.3478727091515785,0.6588530198752622,true
302,1.2583333333333333,0,0.3478624761898397,0.658832081661243,true
303,1.2625,0,0.3478575171391509,0.6588192248631609,true
304,1.2666666666666666,0,0.3478557591688009,0.6588124028886684,true
305,1.2708333333333333,0,0.3478557329304375,0.6588095166686908,true
306,1.275,0,0.34785644136625016,0.6588089394246952,true
307,1.2791666666666666,0,0.34785730723224345,0.658809411715237,true
308,1.2833333333333334,0,0.347858068144783,0.6588102513428669,true
309,1.2875,0,0.3478586191504151,0.6588110909704967,true
310,1.2916666666666667,0,0.34785898648750313,0.6588117206912191,true
311,1.2958333333333334,0,0.3478591963944106,0.658812140505034,true
312,1.3,0,0.3478592751095009,0.6588124028886684,true
313,1.3041666666666667,0,0.34785930134786436,0.6588125078421221,true
314,1.3083333333333333,0,0.34785930134786436,0.6588125603188489,true
315,1.3125,0,0.3478592751095009,0.6588125603188489,true
316,1.3166666666666667,0,0.34785924887113745,0.6588125603188489,true
317,1.3208333333333333,0,0.34785924887113745,0.6588125603188489,false
318,1.325,0,0.347859222632774,0.6588125603188489,true
319,1.3291666666666666,0,0.347859222632774,0.6588125078421221,true
328,1.3666666666666667,0,0.347859222632774,0.6588125078421221,false
329,1.3708333333333333,0,0.34787997717824937,0.658834023300137,true
330,1.375,0,0.34789183691852094,0.6588463028542235,true
331,1.3791666666666667,0,0.34789753064338585,0.6588521802476325,true
332,1.3833333333333333,0,0.347899419805553,0.6588541743632533,true
333,1.3875,0,0.3478993410904627,0.6588541218865265,true
334,1.3916666666666666,0,0.347898448986106,0.6588531773054429,true
335,1.3958333333333333,0,0.34789737321320524,0.6588520752941787,true
336,1.4,0,0.3478964548704851,0.6588511307130951,true
337,1.4041666666666666,0,0.34789579891139927,0.658850396038919,true
338,1.4083333333333334,0,0.3478953790975844,0.6588499762251041,true
339,1.4125,0,0.3478951429523135,0.6588497138414697,true
340,1.4166666666666667,0,0.34789503799885974,0.658849608888016,true
341,1.4208333333333334,0,0.3478950117604963,0.658849608888016,true
342,1.425,0,0.34789503799885974,0.658849608888016,true
343,1.4291666666666667,0,0.34795963684963116,0.6589072808108412,true
344,1.4333333333333333,0,0.3479965804653445,0.6589402361953127,true
345,1.4375,0,0.34801426512229816,0.6589560316900993,true
346,1.4416666666666667,0,0.34803982128828165,0.6587944033713535,true
347,1.4458333333333333,0,0.34805078892419655,0.6586987382982777,true
348,1.45,0,0.34805336028381295,0.6586505646630152,true
349,1.4541666666666666,0,0.3480518646970973,0.658632302762066,true
350,1.4583333333333333,0,0.34804895223875626,0.6586304135998988,true
351,1.4625,0,0.3480460397804152,0.658635818702766,true
352,1.4666666666666666,0,0.3480437308044331,0.658643217921254,true
353,1.4708333333333334,0,0.3481437252074754,0.6587151110370597,true
354,1.475,0,0.3481848407229745,0.6587353670536298,true
355,1.4791666666666667,0,0.3482030239088334,0.6587439207601089,true
356,1.4833333333333334,0,0.34820777305261474,0.6587457574455492,true
357,1.4875,0,0.34825093516046157,0.6587195190821165,true
358,1.4916666666666667,0,0.3482723981417496,0.6587028314829732,true
359,1.4958333333333333,0,0.34828029588914283,0.6586936480557717,true
360,1.5,0,0.34828084689477495,0.6586895023943493,true
361,1.5041666666666667,0,0.3482781705817048,0.6586882954296315,true
362,1.5083333333333333,0,0.3482747071177317,0.6586886102899927,true
363,1.5125,0,0.3482716109908466,0.6586895023943493,true
364,1.5166666666666666,0,0.3482693020148645,0.658690446975433,true
365,1.5208333333333333,0,0.3481641911309529,0.6586787446653419,true
366,1.525,0,0.3481041315170553,0.6586721850744838,true
367,1.5291666666666666,0,0.34807537427073304,0.6586690889475987,true
368,1.5333333333333334,0,0.34825145992773027,0.6589589179100769,true
369,1.5375,0,0.34835806639835754,0.6591253216109674,true
370,1.5416666666666667,0,0.34837493766604477,0.6591440033257315,true
371,1.5458333333333334,0,0.3483469938089889,0.6591156658932241,true
372,1.55,0,0.34832414019443897,0.6590865413098138,true
373,1.5541666666666667,0,0.34830813479274497,0.6590630317361781,true
374,1.5583333333333333,0,0.34842143204604764,0.6589677864769171,true
375,1.5625,0,0.3485668975329188,0.6588980973836398,true
376,1.5666666666666667,0,0.3486122374249306,0.6592920401722191,true
377,1.5708333333333333,0,0.3485668188178285,0.6591614255990509,true
378,1.575,0,0.3488855099800827,0.6591384932694107,true
379,1.5791666666666666,0,0.34886032115118726,0.6591955354715134,true
380,1.5833333333333333,0,0.3487485719613272,0.6590624544921825,true
381,1.5875,0,0.3486734515268192,0.6589825324371663,true
382,1.5916666666666666,0,0.34907067411082765,0.65888670993391,true
383,1.5958333333333334,0,0.3492700069578263,0.6587732552504267,true
384,1.6,0,0.34950512893254715,0.6588866574571831,true
385,1.6041666666666667,0,0.34945789987836823,0.6586475734895838,true
386,1.6083333333333334,0,0.3493726514355752,0.6585307602955812,true
387,1.6125,0,0.34930571737045824,0.6585123409644514,true
388,1.6166666666666667,0,0.34938508841984234,0.6585350109104573,true
389,1.6208333333333333,0,0.349295274501812,0.658548392475808,true
390,1.625,0,0.3495639028666365,0.6588007005785774,true
391,1.6291666666666667,0,0.35005154285103424,0.6590799292422287,true
392,1.6333333333333333,0,0.3503431560222258,0.6593497120950442,true
393,1.6375,0,0.3502764843407432,0.659087223507263,true
394,1.6416666666666666,0,0.35066502202645544,0.6590449272654094,true
395,1.6458333333333333,0,0.350895578525939,0.6590855442520034,true
396,1.65,0,0.3510756786525414,0.6590703784779391,true
397,1.6541666666666666,0,0.3512021213259239,0.6588100414359594,true
398,1.6583333333333334,0,0.3512554901571461,0.6586140408611167,true
399,1.6625,0,0.35144306821732685,0.6584502085198427,true
400,1.6666666666666667,0,0.3517342878130669,0.6585189005553096,true
401,1.6708333333333334,0,0.3518679722747568,0.6585553194037542,true
402,1.675,0,0.3521563581272462,0.6585590977280886,true
403,1.6791666666666667,0,0.3524662856761139,0.6586181340458123,true
404,1.6833333333333333,0,0.35271534022181755,0.6586482556870331,true
405,1.6875,0,0.35276516687397635,0.6588607339541115,true
406,1.6916666666666667,0,0.35284705680624995,0.6589675765700097,true
407,1.6958333333333333,0,0.3529856478419018,0.6589744510212291,true
408,1.7,0,0.35290247222981996,0.6589177236794874,true
409,1.7041666666666666,0,0.35283357028744555,0.6588758997281756,true
410,1.7083333333333333,0,0.35278484564655094,0.6588489266905667,true
411,1.7125,0,0.3527546452902398,0.6588337609165026,true
412,1.7166666666666666,0,0.352879251278182,0.6588732758918323,true
413,1.7208333333333334,0,0.352952797410884,0.6588977300465517,true
414,1.725,0,0.3529897147882338,0.6589107967515412,true
415,1.7291666666666667,0,0.3530035948824898,0.6589163592845889,true
416,1.7333333333333334,0,0.3528641117424813,0.6588710193925772,true
417,1.7375,0,0.3527023784702818,0.6587999134276744,true
418,1.7416666666666667,0,0.352614112615694,0.6587607133127058,true
419,1.7458333333333333,0,0.35257496497745233,0.6587429761790253,true
420,1.75,0,0.3526714959165214,0.6587319035896567,true
421,1.7541666666666667,0,0.35273648834274435,0.658729804520582,true
422,1.7583333333333333,0,0.35277484883008303,0.6587319560663836,true
423,1.7625,0,0.35279408155047925,0.6587354195303566,true
424,1.7666666666666666,0,0.3527262291426421,0.6586944876834016,true
425,1.7708333333333333,0,0.3527590533352965,0.6587160031414164,true
426,1.775,0,0.35277920439841287,0.6587309590085731,true
427,1.7791666666666666,0,0.35278985717396655,0.6587400374823208,true
428,1.7833333333333334,0,0.35276844666940543,0.6586961669386613,true
429,1.7875,0,0.35275456657514953,0.6586702959123166,true
430,1.7916666666666667,0,0.3527467475428466,0.6586573341607808,true
431,1.7958333333333334,0,0.352743074171966,0.6586525063019092,true
432,1.8,0,0.3527418934456115,0.6586520864880943,true
433,1.8041666666666667,0,0.35274202463742865,0.6586536083131733,true
434,1.8083333333333333,0,0.3527426805965145,0.6586556549055211,true
435,1.8125,0,0.3527434152706906,0.6586574915909614,true
436,1.8166666666666667,0,0.3527338120296742,0.6586867211278254,true
437,1.8208333333333333,0,0.35272840692680707,0.6587035136804225,true
438,1.825,0,0.3527258880439175,0.6587116475730866,true
439,1.8291666666666666,0,0.35272510089301456,0.6587144288396105,true
440,1.8333333333333333,0,0.35272712124699884,0.6586382326322018,true
441,1.8375,0,0.3527286693104414,0.6585934699841854,true
442,1.8416666666666666,0,0.3527296926066153,0.6585711673752677,true
443,1.8458333333333334,0,0.35273032232733764,0.6585628760524229,true
444,1.85,0,0.3527306109493354,0.6585622463317005,true
445,1.8541666666666667,0,0.3527288005022586,0.6586411188521794,true
446,1.8583333333333334,0,0.3527277247293578,0.6586882954296315,true
447,1.8625,0,0.35272714748536227,0.6587123297705358,true
448,1.8666666666666667,0,0.35272693757845486,0.6587217231046448,true
449,1.8708333333333333,0,0.3527330773554981,0.65879345879027,true
450,1.875,0,0.3527366720112884,0.6588313469870668,true
451,1.8791666666666667,0,0.3527384299816384,0.6588471424818534,true
452,1.8833333333333333,0,0.35273905970236075,0.658850396038919,true
453,1.8875,0,0.3527390859407242,0.658847667249122,true
454,1.8916666666666666,0,0.3527388497954533,0.658842996820431,true
455,1.8958333333333333,0,0.35273856117345553,0.6588384313451937,true
456,1.9,0,0.3527382987898212,0.6588349154044937,true
457,1.9041666666666666,0,0.3528949155811513,0.6589056540323084,true
458,1.9083333333333334,0,0.35298444087718384,0.6589460611119948,true
459,1.9125,0,0.3531637800912467,0.6589940248403499,true
460,1.9166666666666667,0,0.35425810351493653,0.6589021905683352,true
461,1.9208333333333334,0,0.35488302261681437,0.6587768761445805,true
462,1.925,0,0.3552496512690602,0.6588243675823937,true
463,1.9291666666666667,0,0.35541196178525525,0.6588500811785578,true
464,1.9333333333333333,0,0.3554755898165797,0.6587470693637208,true
465,1.9375,0,0.3556615410982276,0.6588319767077893,true
466,1.9416666666666667,0,0.3557371863000042,0.6588587398384906,true
467,1.9458333333333333,0,0.3557802696927608,0.6585602522160796,true
468,1.95,0,0.35609617958849116,0.6585683861087438,true
469,1.9541666666666666,0,0.35639453601908494,0.6582533683173701,true
470,1.9583333333333333,0,0.35680579612752994,0.6579864716845322,true
471,1.9625,0,0.3571508043683072,0.6579374059449129,true
472,1.9666666666666666,0,0.3574751630170629,0.6581674114387644,true
473,1.9708333333333334,0,0.35775444415744106,0.6580407326201111,true
474,1.975,0,0.35815266379926,0.6580531171276514,true
475,1.9791666666666667,0,0.3585836813953698,0.6580449832349873,true
476,1.9833333333333334,0,0.3588940549964158,0.6578423705925596,true
477,1.9875,0,0.3592327135532424,0.6577576206786717,true
478,1.9916666666666667,0,0.3595558914756436,0.6576445858090034,true
479,1.9958333333333333,0,0.35999052996590714,0.6576902930381033,true
480,2.0,0,0.3604741554806996,0.6579451200237622,true
481,2.004166666666667,0,0.3609098435055005,0.6582797641109835,true
482,2.0083333333333333,0,0.36125023379431354,0.6584438063591651,true
483,2.0125,0,0.3613376862596349,0.6584995366430962,true
484,2.0166666666666666,0,0.3615736741003491,0.6581690906940242,true
485,2.0208333333333335,0,0.3617954145097193,0.6582556772933522,true
486,2.025,0,0.3623104473455408,0.6581545021639555,true
487,2.029166666666667,0,0.3626942358874716,0.6579649037497904,true
488,2.033333333333333,0,0.36312152763597405,0.6578262077606849,true
489,2.0375,0,0.363612762276162,0.6577479649609285,true
490,2.0416666666666665,0,0.36412488265364246,0.6578065289881104,true
491,2.0458333333333334,0,0.3646252744826685,0.6575978815220931,true
492,2.05,0,0.36520160013546893,0.6577647575135255,true
493,2.0541666666666667,0,0.3654773390967837,0.6576206039448259,true
494,2.058333333333333,0,0.3655696194209767,0.6576266387684154,true
495,2.0625,0,0.3655854936308535,0.6576280556400408,true
496,2.066666666666667,0,0.36571209373441654,0.6577043043241764,true
497,2.0708333333333333,0,0.3657539439240918,0.6577510086110867,true
498,2.075,0,0.3657254228230404,0.6577844887628269,true
499,2.0791666666666666,0,0.36563198801085633,0.6577397785915374,true
500,2.0833333333333335,0,0.36548733591325155,0.6577023626852824,true
501,2.0875,0,0.36549449898646874,0.6576658913601108,true
502,2.091666666666667,0,0.3655049680934784,0.6576467898315318,true
503,2.095833333333333,0,0.3655146762879485,0.6576389707992288,true
504,2.1,0,0.36552207550643656,0.6576375014508766,true
505,2.1041666666666665,0,0.36552698208039847,0.6576390232759557,true
506,2.1083333333333334,0,0.3655298420620126,0.6576414896821183,true
507,2.1125,0,0.3655312326952746,0.6576438511348273,true
508,2.1166666666666667,0,0.3655317049858164,0.6576456878202676,true
509,2.120833333333333,0,0.3655317312241798,0.6576468947849855,true
510,2.125,0,0.36553154755563577,0.6576476294591617,true
511,2.129166666666667,0,0.36553128517200145,0.6576479967962497,true
512,2.1333333333333333,0,0.365531075265094,0.6576481017497035,true
513,2.1375,0,0.36553091783491337,0.6576481017497035,true
514,2.1416666666666666,0,0.3655308391198231,0.6576480492729766,true
515,2.1458333333333335,0,0.36553076040473276,0.6576480492729766,true
516,2.15,0,0.36553073416636933,0.6576479967962497,true
517,2.154166666666667,0,0.36553073416636933,0.6576479443195228,true
518,2.158333333333333,0,0.36553073416636933,0.6576478918427959,true
519,2.1625,0,0.36553073416636933,0.6576478918427959,false
520,2.1666666666666665,0,0.36553076040473276,0.6576478918427959,true
521,2.1708333333333334,0,0.3654721701391874,0.6576159335161349,true
522,2.175,0,0.36543866374908385,0.6575976716151857,true
523,2.1791666666666667,0,0.3653906475440019,0.6576150414117782,true
524,2.183333333333333,0,0.36548185209529416,0.6575813513531304,true
525,2.1875,0,0.3655390254892141,0.6575624597314589,true
526,2.191666666666667,0,0.36557006547315507,0.6575537485947992,true
527,2.1958333333333333,0,0.3655837356605035,0.6575510722817292,true
528,2.2,0,0.3655872516012035,0.6575515445722709,true
529,2.2041666666666666,0,0.36558575601448784,0.6575532238275306,true
530,2.2083333333333335,0,0.36558247621905876,0.6575550605129709,true
531,2.2125,0,0.3655790914701759,0.65755658233805,true
532,2.216666666666667,0,0.3655763626803789,0.6575576843493142,true
533,2.220833333333333,0,0.3655744997565752,0.6575583665467634,true
534,2.225,0,0.3655733715069476,0.6575587338838514,true
535,2.2291666666666665,0,0.3655727680245886,0.6575588913140321,true
536,2.2333333333333334,0,0.3655725056409543,0.6575588913140321,true
537,2.2375,0,0.36557245316422743,0.6575588913140321,true
538,2.2416666666666667,0,0.3655725056409543,0.6575588388373051,true
539,2.245833333333333,0,0.3655725843560446,0.6575587863605783,true
540,2.25,0,0.3655726630711349,0.6575587338838514,true
541,2.254166666666667,0,0.36557271554786175,0.6575587338838514,true
542,2.2583333333333333,0,0.3655727680245886,0.6575587338838514,true
543,2.2625,0,0.365572794262952,0.6575587338838514,true
548,2.283333333333333,0,0.365572794262952,0.6575587338838514,false
549,2.2875,0,0.36545792270784344,0.6576044411129514,true
550,2.2916666666666665,0,0.3653922480841713,0.6576305745229304,true
551,2.2958333333333334,0,0.36536081452477887,0.6576431164606512,true
552,2.3,0,0.3653502929410423,0.6576473145988004,true
553,2.3041666666666667,0,0.36535071275485725,0.6576471571686199,true
554,2.308333333333333,0,0.36535569804390944,0.6576451630529989,true
555,2.3125,0,0.3653615754373184,0.65764280160029,true
556,2.316666666666667,0,0.3653666394414609,0.6576408074846691,true
557,2.3208333333333333,0,0.3653703128123415,0.6576393381363169,true
558,2.325,0,0.3653726217883236,0.6576383935552333,true
559,2.3291666666666666,0,0.3653739074681318,0.6576378687879646,true
560,2.3333333333333335,0,0.3653744847121273,0.6576376588810572,true
561,2.3375,0,0.3653746421423079,0.6576376064043303,true
562,2.341666666666667,0,0.36537458966558106,0.6576376064043303,true
563,2.345833333333333,0,0.3653998572095668,0.6576510929231347,true
564,2.35,0,0.3654142358327279,0.657658807001984,true
565,2.3541666666666665,0,0.3654210840455839,0.6576625328495914,true
566,2.3583333333333334,0,0.3654233143064757,0.6576637922910362,true
567,2.3625,0,0.36542315687629506,0.6576637922910362,true
568,2.3666666666666667,0,0.36542202862666745,0.6576632150470407,true
569,2.370833333333333,0,0.3654207429468593,0.6576625328495914,true
570,2.375,0,0.36541961469723167,0.6576619556055959,true
571,2.379166666666667,0,0.36541882754632865,0.657661535791781,true
572,2.3833333333333333,0,0.36541830277906,0.6576612209314198,true
573,2.3875,0,0.36552868757402157,0.6578098874986298,true
574,2.3916666666666666,0,0.3655918433148042,0.6578948997961519,true
575,2.3958333333333335,0,0.3657900216738118,0.6579266482159055,true
576,2.4,0,0.365974110031656,0.657948321104101,true
577,2.404166666666667,0,0.3661062989066302,0.6576042836827707,true
578,2.408333333333333,0,0.3661738364541061,0.6573808902565043,true
579,2.4125,0,0.3662575368334566,0.6571585463647751,true
580,2.4166666666666665,0,0.3667459114920304,0.6570871255395112,true
581,2.4208333333333334,0,0.3670533726347354,0.6570299259072278,true
582,2.425,0,0.36718217676082676,0.6571010318721305,true
583,2.4291666666666667,0,0.3674757578092759,0.6571385002551126,true
584,2.433333333333333,0,0.3677489516493377,0.6572110230916406,true
585,2.4375,0,0.3681970504200422,0.6574318976350175,true
586,2.441666666666667,0,0.3685049051381987,0.6571561849120662,true
587,2.4458333333333333,0,0.36879486529249406,0.6569952387907697,true
588,2.45,0,0.3691472465133959,0.6572048833145974,true
589,2.4541666666666666,0,0.36928428948560515,0.6571663129203512,true
590,2.4583333333333335,0,0.36974779017564474,0.6571300515020871,true
591,2.4625,0,0.3701194828320331,0.6572318038754794,true
592,2.466666666666667,0,0.3703075594211191,0.6570399489620591,true
593,2.470833333333333,0,0.3704194922795232,0.6567923112879808,true
594,2.475,0,0.3705347836484467,0.6566579708672051,true
595,2.4791666666666665,0,0.37055619415300783,0.6566060713843351,true
596,2.4833333333333334,0,0.370571176258528,0.6565963107131381,true
597,2.4875,0,0.3706520428946277,0.6566378198040888,true
598,2.4916666666666667,0,0.37070349632531935,0.656660752133729,true
599,2.495833333333333,0,0.37072010520937226,0.6566781744070483,true
600,2.5,0,0.3707580196445326,0.6566374524670007,true
601,2.504166666666667,0,0.3707717160702445,0.6566142577537261,true
602,2.5083333333333333,0,0.37077239826769376,0.6566031851643575,true
603,2.5125,0,0.37076743921700495,0.6565995642702037,true
604,2.5166666666666666,0,0.37063055367497627,0.6566203975307694,true
605,2.5208333333333335,0,0.37055031675959893,0.6566339890030275,true
606,2.525,0,0.37051046068554455,0.6566417030818767,true
607,2.529166666666667,0,0.3704958196787491,0.6566453764527573,true
608,2.533333333333333,0,0.37049482262093864,0.6566465834174753,true
609,2.5375,0,0.3704694763618626,0.6566453239760305,true
610,2.5416666666666665,0,0.37045861367940147,0.6566440120578588,true
611,2.5458333333333334,0,0.37042523848111497,0.6566370851299126,true
612,2.55,0,0.37040910188760384,0.6566329919452171,true
613,2.5541666666666667,0,0.37040356559291954,0.6566309453528694,true
614,2.558333333333333,0,0.3704036443080098,0.6566301582019664,true
615,2.5625,0,0.37040605823744566,0.6566301057252395,true
616,2.566666666666667,0,0.37040897069578665,0.6566303681088739,true
617,2.5708333333333333,0,0.3705026416532416,0.656662693772623,true
618,2.575,0,0.37042920047399336,0.656591640284447,true
619,2.5791666666666666,0,0.37052116593782514,0.6566320473641335,true
620,2.5833333333333335,0,0.37057862795374286,0.6567596707638704,true
621,2.5875,0,0.37060714905479425,0.6568321936003986,true
622,2.591666666666667,0,0.3706175919234405,0.6568666183332224,true
623,2.595833333333333,0,0.37061827412088977,0.6568779008294984,true
624,2.6,0,0.37061467946509946,0.6568771136785955,true
625,2.6041666666666665,0,0.3706100352747719,0.6568713412386402,true
626,2.6083333333333334,0,0.3706058896133495,0.6568647291710552,true
627,2.6125,0,0.37060281972482784,0.6568590616845537,true
628,2.6166666666666667,0,0.3706008518475704,0.6568549684998581,true
629,2.620833333333333,0,0.3705997235979428,0.6568523971402418,true
630,2.625,0,0.3705991725923107,0.6568509802686164,true
631,2.629166666666667,0,0.3705990151621301,0.656850350547894,true
632,2.6333333333333333,0,0.3705990151621301,0.6568501931177134,true
633,2.6375,0,0.3705991201155838,0.6568502455944403,true
634,2.6416666666666666,0,0.3705992250690376,0.6568504030246208,true
635,2.6458333333333335,0,0.37059930378412786,0.6568505604548015,true
636,2.65,0,0.3705993562608547,0.6568506654082552,true
637,2.654166666666667,0,0.37059940873758157,0.6568507178849821,true
638,2.658333333333333,0,0.3707335654898133,0.6569325815788922,true
639,2.6625,0,0.3708102602261272,0.6569794432959831,true
640,2.6666666666666665,0,0.3708469676965696,0.6570018508583547,true
641,2.6708333333333334,0,0.3708592734890196,0.6570093550302964,true
642,2.675,0,0.37085872248338747,0.6570090401699353,true
643,2.6791666666666667,0,0.3708528975667054,0.6570054717525085,true
644,2.683333333333333,0,0.37084602311548603,0.6570012736143592,true
645,2.6875,0,0.3708401457220771,0.6569976527202055,true
646,2.691666666666667,0,0.3707022106455111,0.65692056440844,true
647,2.6958333333333333,0,0.37075673396472436,0.6569507910031146,true
648,2.7,0,0.37079509445206305,0.656972096554222,true
649,2.7041666666666666,0,0.37081293653919734,0.6569495315616698,true
650,2.7083333333333335,0,0.370884462317915,0.6568727581102656,true
651,2.7125,0,0.3709808095884401,0.6568585893940119,true
652,2.716666666666667,0,0.3710201408952258,0.6568621053347119,true
653,2.720833333333333,0,0.3712776179555914,0.6566697256540229,true
654,2.725,0,0.37156736820297925,0.656594788888059,true
655,2.7291666666666665,0,0.3717003967055833,0.65647540433444,true
656,2.7333333333333334,0,0.3721091641695022,0.6566300532485126,true
657,2.7375,0,0.3723587959592014,0.6564397726368983,true
658,2.7416666666666667,0,0.372465664813463,0.6564420816128804,true
659,2.745833333333333,0,0.37257804372404546,0.6564628623967191,true
660,2.75,0,0.3729163874205108,0.6566972759356273,true
661,2.754166666666667,0,0.3731508271977824,0.6569620734993907,true
662,2.7583333333333333,0,0.3733187789621155,0.6569932971518756,true
663,2.7625,0,0.37334821840588706,0.6570523334695993,true
664,2.7666666666666666,0,0.37333378730599903,0.6570709627076367,true
665,2.7708333333333335,0,0.37349987614652835,0.657182790612587,true
666,2.775,0,0.3736486739055555,0.6574988579384979,true
667,2.779166666666667,0,0.3740716888008183,0.6574928755916353,true
668,2.783333333333333,0,0.37431494466820336,0.6572263987726122,true
669,2.7875,0,0.3745086100287005,0.6571970642822944,true
670,2.7916666666666665,0,0.37508029149117333,0.6570773123915873,true
671,2.7958333333333334,0,0.37537930388085294,0.6570742162647023,true
672,2.8,0,0.37569007105735047,0.6569258120811267,true
673,2.8041666666666667,0,0.3760472014220337,0.6567903171723599,true
674,2.808333333333333,0,0.3762348057205779,0.6569074452267237,true
675,2.8125,0,0.37665692851148397,0.6569386164024817,true
676,2.816666666666667,0,0.3769376790002144,0.6570873879231455,true
677,2.8208333333333333,0,0.37727678360921935,0.6571686218963333,true
678,2.825,0,0.3776061013086638,0.6571465816710498,true
679,2.8291666666666666,0,0.37782786795639745,0.6571241216319513,true
680,2.8333333333333335,0,0.378068972277981,0.6571076964164424,true
681,2.8375,0,0.3781514394542501,0.6571813212642348,true
682,2.841666666666667,0,0.37815789409165457,0.6572230927388197,true
683,2.845833333333333,0,0.3781163325239771,0.6572717911413509,true
684,2.85,0,0.3781475036997352,0.6573787387107027,true
685,2.8541666666666665,0,0.37815456181949864,0.6574341541342728,true
686,2.8583333333333334,0,0.3781570807023882,0.6574090177821041,true
687,2.8625,0,0.3781526201806046,0.6573856656386491,true
688,2.8666666666666667,0,0.3781461393048367,0.6573678235515148,true
689,2.870833333333333,0,0.3781401044812472,0.65735601628797,true
690,2.875,0,0.37815201669824566,0.6573994145410877,true
691,2.879166666666667,0,0.3781583926205598,0.6574248132768907,true
692,2.8833333333333333,0,0.3781611476487202,0.6574373552146116,true
693,2.8875,0,0.37816180360780605,0.6574419206898489,true
694,2.8916666666666666,0,0.378161436270718,0.6574421830734832,true
695,2.8958333333333335,0,0.37816072783490534,0.6574406087716772,true
696,2.9,0,0.37816001939909266,0.6574385097026026,true
697,2.904166666666667,0,0.3781594421550971,0.6574366730171624,true
698,2.908333333333333,0,0.3781590223412822,0.6574353086222638,true
699,2.9125,0,0.3781587861960113,0.6574344165179071,true
700,2.9166666666666665,0,0.37817387325498514,0.657389968730252,true
701,2.9208333333333334,0,0.3781673136641269,0.6574085979682892,true
702,2.925,0,0.3781627744272531,0.6574216121965519,true
703,2.9291666666666667,0,0.37816001939909266,0.6574296411357623,true
704,2.933333333333333,0,0.3781585762891038,0.6574338917506384,true
705,2.9375,0,0.37815799904510833,0.6574356759593518,true
706,2.941666666666667,0,0.37815789409165457,0.6574360432964399,true
707,2.9458333333333333,0,0.3781473987462815,0.6573879746146312,true
708,2.95,0,0.37814152135287254,0.6573601094726655,true
709,2.9541666666666666,0,0.37813879256307553,0.6573465180004073,true
710,2.9583333333333335,0,0.37813797917380915,0.6573417426182626,true
711,2.9625,0,0.3781381103656263,0.6573416901415358,true
712,2.966666666666667,0,0.3781816922872881,0.6573383841077433,true
713,2.970833333333333,0,0.3781638239617904,0.6573429495829806,true
714,2.975,0,0.37815146569261354,0.6573466229538611,true
715,2.9791666666666665,0,0.3781439615206718,0.6573490893600238,true
716,2.9833333333333334,0,0.37819281735338356,0.6573925400898684,true
717,2.9875,0,0.37822139093116186,0.6574173091049489,true
718,2.9916666666666667,0,0.3782258514529454,0.6573818348375878,true
719,2.995833333333333,0,0.3782254578774939,0.6573586926010402,true
720,3.0,0,0.3782372913794021,0.6571724002206676,true
721,3.004166666666667,0,0.3782427227206327,0.6570671319065754,true
722,3.0083333333333333,0,0.3782443232608021,0.6570176988298682,true
723,3.0125,0,0.37824398216207744,0.6570019558118084,true
724,3.0166666666666666,0,0.37824288015081325,0.657003687543795,true
725,3.0208333333333335,0,0.3782416994244588,0.6570123986804547,true
726,3.025,0,0.37824070236664836,0.6570222643051055,true
727,3.029166666666667,0,0.3782400201691991,0.6570306081046771,true
728,3.033333333333333,0,0.3782396003553842,0.6570366429282666,true
729,3.0375,0,0.37843192755934624,0.6569079699939924,true
730,3.0416666666666665,0,0.37854191877885635,0.6568343451462001,true
731,3.0458333333333334,0,0.3785946054126293,0.6567990283090196,true
732,3.05,0,0.37861226383121954,0.6567871160920211,true
733,3.0541666666666667,0,0.37861152915704344,0.656787535905836,true
734,3.058333333333333,0,0.37860318535747184,0.6567930984388838,true
735,3.0625,0,0.3786268523612882,0.6568376511799926,true
736,3.066666666666667,0,0.3786618018613806,0.6568849851876253,true
737,3.0708333333333333,0,0.37867872560579474,0.6569109086906968,true
738,3.075,0,0.3786845505224768,0.6569224535706072,true
739,3.0791666666666666,0,0.37868449804574994,0.6569255496974923,true
740,3.0833333333333335,0,0.37868195292449697,0.6569244476862282,true
741,3.0875,0,0.3786789092743387,0.6569218238498848,true
742,3.091666666666667,0,0.3786762854379955,0.6569190950600878,true
743,3.095833333333333,0,0.3786743700374649,0.6569168910375595,true
744,3.1,0,0.37867313683438353,0.6569153167357535,true
745,3.1041666666666665,0,0.37866224791355896,0.6569433393078997,true
746,3.1083333333333334,0,0.3786561081365157,0.6569593971863206,true
747,3.1125,0,0.3786532219165381,0.6569671112651697,true
748,3.1166666666666667,0,0.37865230357381796,0.656969735101513,true
749,3.120833333333333,0,0.37865240852727167,0.6569696826247862,true
750,3.125,0,0.3784194905750791,0.656954516850722,true
751,3.129166666666667,0,0.3782866195026557,0.6569450710398863,true
752,3.1333333333333333,0,0.37822322761660215,0.6569400332741072,true
753,3.1375,0,0.37820218444912906,0.6569378292515788,true
754,3.1416666666666666,0,0.3782033126987567,0.6569373569610371,true
755,3.1458333333333335,0,0.3782135718988589,0.6569376718213982,true
756,3.15,0,0.3781642437756053,0.6568872416868805,true
757,3.154166666666667,0,0.37813944852216136,0.6568586418707387,true
758,3.158333333333333,0,0.37813008142641585,0.6568451028752075,true
759,3.1625,0,0.3781291630836957,0.6568407473068776,true
760,3.1666666666666665,0,0.3781319968269465,0.6568411146439657,true
761,3.1708333333333334,0,0.3781358276280076,0.6568434236199477,true
762,3.175,0,0.37813929109198074,0.6568460999330179,true
763,3.1791666666666667,0,0.3781418886899606,0.6568483564322731,true
764,3.183333333333333,0,0.37814359418358373,0.656849983210806,true
765,3.1875,0,0.37814456500303073,0.6568510327453433,true
766,3.191666666666667,0,0.37817350591789706,0.656993139721695,true
767,3.1958333333333333,0,0.3781899573717694,0.657074321218156,true
768,3.2,0,0.37819775016570895,0.6571131015193096,true
769,3.2041666666666666,0,0.3782002690485985,0.6571260632708453,true
770,3.2083333333333335,0,0.37821055448706414,0.6571400220801916,true
771,3.2125,0,0.37821522491575515,0.6571421736259931,true
772,3.216666666666667,0,0.3782274257547514,0.6570827699711813,true
773,3.220833333333333,0,0.37823330314816034,0.6570457738787412,true
774,3.225,0,0.3781669463270389,0.6570094075070234,true
775,3.2291666666666665,0,0.3781278511655241,0.6569913555129816,true
776,3.2333333333333334,0,0.37815639850493893,0.6570312378253994,true
777,3.2375,0,0.3782807421092467,0.6571175620410932,true
778,3.2416666666666667,0,0.3783410378684152,0.6570506017376128,true
779,3.245833333333333,0,0.37836950649273976,0.6570077282517637,true
780,3.25,0,0.37827992871998034,0.6569866326075637,true
781,3.254166666666667,0,0.3781844210770851,0.6570040024041562,true
782,3.2583333333333333,0,0.37810746395713685,0.6570513364117889,true
783,3.2625,0,0.37786418185138837,0.6571450598459707,true
784,3.2666666666666666,0,0.3777328063656806,0.6571966969452063,true
785,3.2708333333333335,0,0.377720526811594,0.6577358428370226,true
786,3.275,0,0.37773207169150447,0.6580373741095917,true
787,3.279166666666667,0,0.3777512781735372,0.6581766998194196,true
788,3.283333333333333,0,0.3777697762197573,0.6582189435845464,true
789,3.2875,0,0.37778418108128187,0.6582115968427852,true
790,3.2916666666666665,0,0.37779391551411545,0.6581848337120838,true
791,3.2958333333333334,0,0.3777996617157072,0.6581553942683123,true
792,3.3,0,0.3778025479356848,0.6581308351601391,true
793,3.3041666666666667,0,0.37780362370858556,0.6581133604100929,true
794,3.308333333333333,0,0.3778037286620393,0.6581024977276319,true
795,3.3125,0,0.3778034138016781,0.6580966728109497,true
796,3.316666666666667,0,0.37780296774949973,0.6580941539280603,true
797,3.3208333333333333,0,0.3778025479356848,0.6580935242073378,true
798,3.325,0,0.37780225931368705,0.658093839067699,true
799,3.3291666666666666,0,0.3778020494067796,0.6580945212651482,true
800,3.3333333333333335,0,0.3778019444533259,0.6580951509858707,true
801,3.3375,0,0.37800668240319163,0.6572767239536762,true
802,3.341666666666667,0,0.37834153639732043,0.6569193574437222,true
803,3.345833333333333,0,0.37894774754607075,0.6567912617534435,true
804,3.35,0,0.3792299673831534,0.656736790910957,true
805,3.3541666666666665,0,0.37952008496762935,0.6567464991054272,true
806,3.3583333333333334,0,0.37973956887774435,0.6568491435831761,true
807,3.3625,0,0.37998369061112264,0.6566394465826215,true
808,3.3666666666666667,0,0.38023906860241363,0.6565424695913741,true
809,3.370833333333333,0,0.3803917234008654,0.6564841679478265,true
810,3.375,0,0.3805183759811553,0.656335711287524,true
811,3.379166666666667,0,0.38067357590086004,0.6566661047598692,true
812,3.3833333333333333,0,0.38093239111776067,0.6565744803947621,true
813,3.3875,0,0.38112537428080856,0.6565370644885069,true
814,3.3916666666666666,0,0.38121458471647995,0.6567999728901032,true
815,3.3958333333333335,0,0.3812962647418461,0.6569956061278578,true
816,3.4,0,0.3813574526053713,0.6570736390207067,true
817,3.404166666666667,0,0.38137251342598166,0.657099667477232,true
818,3.408333333333333,0,0.38136500925403993,0.6570984080357872,true
819,3.4125,0,0.3813409486747721,0.6567900023119987,true
820,3.4166666666666665,0,0.3813709916009026,0.6569235555818714,true
821,3.4208333333333334,0,0.3813850291253391,0.657011506576098,true
822,3.425,0,0.38138946340875923,0.6570621466175232,true
823,3.4291666666666667,0,0.3813889386414906,0.6570866532489694,true
824,3.433333333333333,0,0.3813863935202376,0.6570950495252679,true
825,3.4375,0,0.3813598140580802,0.6567303362735526,true
826,3.441666666666667,0,0.38134383489474966,0.6565181728668353,true
827,3.4458333333333333,0,0.38133562228699525,0.6564140065640074,true
828,3.45,0,0.3813323687299296,0.6563767480879328,true
829,3.4541666666666666,0,0.38133189643938775,0.6563753836930344,true
830,3.4583333333333335,0,0.38133268359029077,0.6563894474558343,true
831,3.4625,0,0.3813338380782818,0.656407132112788,true
832,3.466666666666667,0,0.38133491385118257,0.6564227177006671,true
833,3.470833333333333,0,0.38133572724044895,0.6564342101038506,true
834,3.475,0,0.3813362520077176,0.6564416093223386,true
835,3.4791666666666665,0,0.3813365668680788,0.656445754983761,true
836,3.4833333333333334,0,0.3813367242982594,0.656447696622655,true
837,3.4875,0,0.3813367767749863,0.6564483263433774,true
838,3.4916666666666667,0,0.3813367767749863,0.6564482213899236,true
839,3.495833333333333,0,0.38133675053662286,0.6564478540528356,true
840,3.5,0,0.3813367242982594,0.6564474342390206,true
841,3.504166666666667,0,0.38133669805989595,0.6564471193786595,true
842,3.5083333333333333,0,0.3813366718215325,0.656446909471752,true
843,3.5125,0,0.3813366718215325,0.6564467520415714,true
844,3.5166666666666666,0,0.3813366718215325,0.6564466470881177,true
845,3.5208333333333335,0,0.3813366718215325,0.6564465946113909,true
846,3.525,0,0.3813564817859243,0.656425079153376,true
847,3.529166666666667,0,0.3813678167589272,0.6564127995992894,true
848,3.533333333333333,0,0.38137322186179434,0.6564069222058805,true
849,3.5375,0,0.38137505854723464,0.6564049805669865,true
850,3.5416666666666665,0,0.38137497983214436,0.6564050330437133,true
851,3.5458333333333334,0,0.38137411396615106,0.6564059776247969,true
852,3.55,0,0.3813730906699772,0.6564070796360612,true
853,3.5541666666666667,0,0.3813722248039839,0.6564080242171447,true
854,3.558333333333333,0,0.3813715950832615,0.6564087588913208,true
855,3.5625,0,0.38137120150781006,0.6564091787051357,true
856,3.566666666666667,0,0.38137096536253917,0.6564094410887701,true
857,3.5708333333333333,0,0.3813708604090854,0.6564095460422238,true
858,3.575,0,0.381370834170722,0.6564095460422238,true
859,3.5791666666666666,0,0.3813708604090854,0.6564095460422238,true
860,3.5833333333333335,0,0.3813708604090854,0.6564094935654969,true
861,3.5875,0,0.38137088664744884,0.6564094935654969,true
862,3.591666666666667,0,0.38137091288581226,0.6564094410887701,true
863,3.595833333333333,0,0.3813709391241757,0.6564094410887701,true
876,3.65,0,0.3813709391241757,0.6564094410887701,false
877,3.654166666666667,0,0.38140365836337636,0.65629593392856,true
878,3.658333333333333,0,0.38146757501669853,0.6562166415942662,true
879,3.6625,0,0.3815169818550424,0.6563010766477928,true
880,3.6666666666666665,0,0.3816372060362913,0.656258045731763,true
881,3.6708333333333334,0,0.38179702390796016,0.6562691707978585,true
882,3.675,0,0.38191955706519115,0.6562685410771362,true
883,3.6791666666666667,0,0.3821248984974159,0.6562643429389869,true
884,3.683333333333333,0,0.3825232493310519,0.6564735676489997,true
885,3.6875,0,0.3826619715585209,0.6565270414336757,true
886,3.691666666666667,0,0.3831040617439993,0.6565875470997515,true
887,3.6958333333333333,0,0.3833240179446561,0.6565662415486442,true
888,3.7,0,0.3834069311731036,0.6565445686604487,true
889,3.7041666666666666,0,0.38355360362469265,0.6565301375605607,true
890,3.7083333333333335,0,0.38394969795907347,0.6564499531219102,true
891,3.7125,0,0.38416141531361236,0.6563687716254493,true
892,3.716666666666667,0,0.3842439612049718,0.6563262654766883,true
893,3.720833333333333,0,0.38429439133948956,0.6564080242171447,true
894,3.725,0,0.38437948235210195,0.656094580727577,true
895,3.7291666666666665,0,0.3847405747096635,0.6560110377784071,true
896,3.7333333333333334,0,0.3850140571717231,0.6560114051154952,true
897,3.7375,0,0.3851601786176801,0.6560364889909369,true
898,3.7416666666666667,0,0.3852563684580246,0.6562441918758706,true
899,3.745833333333333,0,0.38552641369447443,0.6562258250214676,true
900,3.75,0,0.38581577036641085,0.656286960408266,true
901,3.754166666666667,0,0.3858789523455569,0.6561907180911947,true
902,3.7583333333333333,0,0.3860774455649257,0.6557880641659556,true
903,3.7625,0,0.3862749154881206,0.6556151533509338,true
904,3.7666666666666666,0,0.3862572833078938,0.6557604614076243,true
905,3.7708333333333335,0,0.386219158965826,0.655867094116615,true
906,3.775,0,0.3861801949961283,0.6559355237684477,true
907,3.779166666666667,0,0.38614889262855306,0.6559737793023326,true
908,3.783333333333333,0,0.38612724597872106,0.6559914639592863,true
909,3.7875,0,0.3861141267970047,0.6559968690621535,true
910,3.7916666666666665,0,0.3861072785841487,0.6559959244810699,true
911,3.7958333333333334,0,0.38610449731762486,0.6559925134938236,true
912,3.8,0,0.3861369016964643,0.6559889450763967,true
913,3.8041666666666667,0,0.38612338893929643,0.6559857439960579,true
914,3.808333333333333,0,0.3861144941340927,0.6559834874968028,true
915,3.8125,0,0.3861093514148599,0.6559820706251773,true
916,3.816666666666667,0,0.3861068850086972,0.6559813359510013,true
917,3.8208333333333333,0,0.3861060191427039,0.65598102109064,true
918,3.825,0,0.3861060191427039,0.6559809161371863,true
919,3.8291666666666666,0,0.386106386479792,0.6559809686139132,true
920,3.8333333333333335,0,0.38610683253197037,0.65598102109064,true
921,3.8375,0,0.3861072261074219,0.6559811260440938,true
922,3.841666666666667,0,0.3861075147294196,0.6559811785208206,true
923,3.845833333333333,0,0.38610769839796366,0.6559812309975476,true
924,3.85,0,0.38610780335141737,0.6559812834742744,true
925,3.8541666666666665,0,0.38622994293319685,0.6557366894503542,true
926,3.8583333333333334,0,0.3862997632182914,0.6555968914499846,true
927,3.8625,0,0.3863331646549413,0.6555299311465042,true
928,3.8666666666666667,0,0.38634434219776365,0.6555074711074057,true
929,3.870833333333333,0,0.38634384366885843,0.6555084681652162,true
930,3.875,0,0.386338543519445,0.6555191209407699,true
931,3.879166666666667,0,0.386332298788948,0.6555316104017639,true
932,3.8833333333333333,0,0.3863269199244443,0.6555423681307713,true
933,3.8875,0,0.38632303664665624,0.6555501346863474,true
934,3.8916666666666666,0,0.3863205440021301,0.6555550674986728,true
935,3.8958333333333335,0,0.3863191796072316,0.6555577962884698,true
936,3.9,0,0.3863185761248727,0.6555590557299146,true
937,3.904166666666667,0,0.3863184186946921,0.6555594230670025,true
938,3.908333333333333,0,0.38631847117141893,0.6555593181135488,true
939,3.9125,0,0.3863464675052017,0.6555444147231191,true
940,3.9166666666666665,0,0.38636255162198596,0.6555357560631863,true
941,3.9208333333333334,0,0.38637249596172696,0.6555077859677669,true
942,3.925,0,0.38637640547787844,0.6554927251471565,true
943,3.9291666666666667,0,0.38637695648351056,0.6554862180330252,true
944,3.933333333333333,0,0.38637598566406356,0.6554846437312193,true
945,3.9375,0,0.3863745425540747,0.6554854308821222,true
946,3.941666666666667,0,0.3863732306359031,0.6554871101373819,true
947,3.9458333333333333,0,0.38637223357809264,0.6554887893926417,true
948,3.95,0,0.3863715513806434,0.6554901537875402,true
949,3.9541666666666666,0,0.38637118404355536,0.6554910458918969,true
950,3.9583333333333335,0,0.3863710003750113,0.6554916231358924,true
951,3.9625,0,0.38637092165992104,0.6554918855195266,true
952,3.966666666666667,0,0.38637092165992104,0.6554920429497073,true
953,3.970833333333333,0,0.38637094789828447,0.6554920429497073,true
954,3.975,0,0.3863709741366479,0.6554920429497073,true
955,3.9791666666666665,0,0.3863710003750113,0.6554919904729805,true
956,3.9833333333333334,0,0.38637102661337475,0.6554919379962536,true
957,3.9875,0,0.3863710528517382,0.6554918855195266,true
964,4.016666666666667,0,0.3863710528517382,0.6554918855195266,false
965,4.020833333333333,0,0.38642355581696713,0.6555265726359848,true
966,4.025,0,0.3864535987430976,0.6555464088387399,true
967,4.029166666666667,0,0.38646797736625876,0.6555559071263026,true
968,4.033333333333333,0,0.3865973324979822,0.6555582161022847,true
969,4.0375,0,0.38666833350943125,0.6555575863815623,true
970,4.041666666666667,0,0.38670010816754835,0.6555558546495758,true
971,4.045833333333333,0,0.38670884554257146,0.6555540179641355,true
972,4.05,0,0.38670606427604753,0.6555524961390563,true
973,4.054166666666666,0,0.38669897991792074,0.6555513941277922,true
974,4.058333333333334,0,0.3866915282227058,0.6555507644070698,true
975,4.0625,0,0.38668546716075286,0.6555503970699817,true
976,4.066666666666666,0,0.38671015746074305,0.6554992322612878,true
977,4.070833333333334,0,0.3867241162700893,0.6554700027244238,true
978,4.075,0,0.3867306758609475,0.6554560439150775,true
979,4.079166666666667,0,0.386696933325573,0.6553976897948031,true
980,4.083333333333333,0,0.38667623125682454,0.6553672008164942,true
981,4.0875,0,0.38666526362090964,0.6553547638322271,true
982,4.091666666666667,0,0.3866606719073089,0.655352454856245,true
983,4.095833333333333,0,0.3866597010878619,0.6553549212624077,true
984,4.1,0,0.38666046200040144,0.6553589094936495,true
985,4.104166666666667,0,0.3866901900661707,0.6553778535920479,true
986,4.108333333333333,0,0.38664952060284996,0.6554002611544195,true
987,4.1125,0,0.3866250139714038,0.6554125407085061,true
988,4.116666666666666,0,0.386790184469213,0.6557322289285707,true
989,4.120833333333334,0,0.3868868203617358,0.6559133785897104,true
990,4.125,0,0.38693467913663715,0.6559988631777743,true
991,4.129166666666666,0,0.3869630952842348,0.6560411594196279,true
992,4.133333333333334,0,0.3869704157876325,0.6560470368130369,true
993,4.1375,0,0.3870629847338233,0.6560443604999667,true
994,4.141666666666667,0,0.38697122917689897,0.6560245767739384,true
995,4.145833333333333,0,0.38682728551510687,0.6559736743488789,true
996,4.15,0,0.3868981815731022,0.6559457042534595,true
997,4.154166666666667,0,0.3870018755853884,0.6559184163554895,true
998,4.158333333333333,0,0.3871767542776677,0.6559906243316564,true
999,4.1625,0,0.38737183650979023,0.6561716165626156,true
1000,4.166666666666667,0,0.387634902341567,0.6561311570062023,true
1001,4.170833333333333,0,0.38792638432094145,0.65611997946338,true
1002,4.175,0,0.3880270346830695,0.6558824173208598,true
1003,4.179166666666666,0,0.38811199450386474,0.6555365432140893,true
1004,4.183333333333334,0,0.3884310267648436,0.6555146079422595,true
1005,4.1875,0,0.3887805742424947,0.6552863341803945,true
1006,4.191666666666666,0,0.38897736196824034,0.6552338049768022,true
1007,4.195833333333334,0,0.38919422204201204,0.6554293857378298,true
1008,4.2,0,0.38943960321683513,0.6556475839681366,true
1009,4.204166666666667,0,0.3894821356039596,0.6555117217222819,true
1010,4.208333333333333,0,0.3896355513149509,0.6552495479948618,true
1011,4.2125,0,0.3898175930804474,0.655316193437981,true
1012,4.216666666666667,0,0.39002096663541463,0.6551527284337949,true
1013,4.220833333333333,0,0.39024695765966094,0.6551782321230516,true
1014,4.225,0,0.3905919659004382,0.6551829025517426,true
1015,4.229166666666667,0,0.39085791795219255,0.6551941325712918,true
1016,4.233333333333333,0,0.3911007015290358,0.6547316027006993,true
1017,4.2375,0,0.39150574314534725,0.6545784756117057,true
1018,4.241666666666666,0,0.391782269257565,0.6545522897249998,true
1019,4.245833333333334,0,0.3921375366984445,0.6547476081023932,true
1020,4.25,0,0.3924729154598419,0.6549234576141195,true
1021,4.254166666666666,0,0.3927421735453888,0.6549356846914792,true
1022,4.258333333333334,0,0.3931619611219494,0.6548860941845913,true
1023,4.2625,0,0.39348285630673197,0.6547377949544694,true
1024,4.266666666666667,0,0.3938020984746183,0.6544620297547912,true
1025,4.270833333333333,0,0.39397773807943715,0.6544661754162135,true
1026,4.275,0,0.39417969476277903,0.6545189670034403,true
1027,4.279166666666667,0,0.39484507342107017,0.6542626706694291,true
1028,4.283333333333333,0,0.3951391267600611,0.6543640032290065,true
1029,4.2875,0,0.39532851526731866,0.6543312052747154,true
1030,4.291666666666667,0,0.3953827762028976,0.6543179811395453,true
1031,4.295833333333333,0,0.39539358640863187,0.6544591435348136,true
1032,4.3,0,0.3954938694336719,0.6546515756922293,true
1033,4.304166666666666,0,0.39553007837520904,0.6547567390528678,true
1034,4.308333333333334,0,0.39553183634555905,0.654803495816505,true
1035,4.3125,0,0.39551869092547925,0.654815985277499,true
1036,4.316666666666666,0,0.3955019770879726,0.6548114722789885,true
1037,4.320833333333334,0,0.39548717865099653,0.6548007145499811,true
1038,4.325,0,0.3954762110150816,0.6547895370071588,true
1039,4.329166666666667,0,0.3954691266569548,0.654780458533411,true
1040,4.333333333333333,0,0.395465138425713,0.6547741613261872,true
1041,4.3375,0,0.3954112185888587,0.6547830298930275,true
1042,4.341666666666667,0,0.395380860802367,0.654788277565714,true
1043,4.345833333333333,0,0.3953957641927968,0.654799979875805,true
1044,4.35,0,0.3953336055098246,0.6548368710147915,true
1045,4.354166666666667,0,0.3952996530675426,0.6548570220779079,true
1046,4.358333333333333,0,0.3952845660085688,0.6548659955982018,true
1047,4.3625,0,0.39522946544536003,0.6547259352141978,true
1048,4.366666666666666,0,0.3952017314952116,0.6546436517064727,true
1049,4.370833333333334,0,0.3951912361498385,0.6546026149060639,true
1050,4.375,0,0.3951901866153012,0.6545873966552729,true
1051,4.379166666666666,0,0.39519330898054966,0.6545861896905549,true
1052,4.383333333333334,0,0.3951975595954258,0.6545911749796072,true
1053,4.3875,0,0.3952014166348504,0.6545977345704653,true
1054,4.391666666666667,0,0.3952043290931914,0.6546036119638743,true
1055,4.395833333333333,0,0.3952062182553586,0.6546079675322042,true
1056,4.4,0,0.39520732026662275,0.6546108012754549,true
1057,4.404166666666667,0,0.395207818795528,0.6546124280539877,true
1058,4.408333333333333,0,0.395208002464072,0.6546132152048907,true
1059,4.4125,0,0.395208002464072,0.6546134775885251,true
1060,4.416666666666667,0,0.3952079237489817,0.6546134251117981,true
1061,4.420833333333333,0,0.39522581831284287,0.654543263727979,true
1062,4.425,0,0.3952360250362182,0.6545030665552,true
1063,4.429166666666666,0,0.39524087913345324,0.6544837551197135,true
1064,4.433333333333334,0,0.39524247967362264,0.6544772480055822,true
1065,4.4375,0,0.39524240095853236,0.6544774579124896,true
1066,4.441666666666666,0,0.3952416138076294,0.6544805015626478,true
1067,4.445833333333334,0,0.3952406692265458,0.6544840699800747,true
1068,4.45,0,0.3952398820756428,0.6544871136302328,true
1069,4.454166666666667,0,0.3952393048316473,0.654489370129488,true
1070,4.458333333333333,0,0.39523893749455924,0.6544907870011134,true
1071,4.4625,0,0.39520390927937654,0.654455417687206,true
1072,4.466666666666667,0,0.3951839156464408,0.6544350567171823,true
1073,4.470833333333333,0,0.39517436488215124,0.6544252960459853,true
1074,4.475,0,0.39517119004017587,0.654421937535466,true
1075,4.479166666666667,0,0.3951429575611222,0.6544115996202734,true
1076,4.483333333333333,0,0.39524720257904056,0.6543773323176303,true
1077,4.4875,0,0.3951902915687549,0.6543890346277212,true
1078,4.491666666666666,0,0.3951537677668565,0.6543985329152839,true
1079,4.495833333333334,0,0.3951333280817424,0.6544050925061421,true
1080,4.5,0,0.39524287324907414,0.6543792739565243,true
1081,4.504166666666666,0,0.3951890583656736,0.6543941248702272,true
1082,4.508333333333334,0,0.39515410886558117,0.6544038855414241,true
1083,4.5125,0,0.39513427266282597,0.6544095005511988,true
1084,4.516666666666667,0,0.39527881980697704,0.6544168997696869,true
1085,4.520833333333333,0,0.39524460498106073,0.6544521116534135,true
1086,4.525,0,0.39526588429380466,0.6545644118489058,true
1087,4.529166666666667,0,0.3951688023491035,0.6546247600848011,true
1088,4.533333333333333,0,0.3952037256108325,0.6546228709226339,true
1089,4.5375,0,0.39526231587637783,0.6545790528557013,true
1090,4.541666666666667,0,0.39529624208029635,0.6545488787377536,true
1091,4.545833333333333,0,0.39531279848762246,0.6545306693135312,true
1092,4.55,0,0.3953185971659411,0.6545212235026955,true
1093,4.554166666666666,0,0.3952251098770302,0.6545457301341416,true
1094,4.558333333333334,0,0.39527740293535163,0.6545637821281833,true
1095,4.5625,0,0.3953107256569113,0.6545738051830147,true
1096,4.566666666666666,0,0.3955025543319681,0.6545776359840759,true
1097,4.570833333333334,0,0.39561007914531554,0.6545785280884325,true
1098,4.575,0,0.3956599845125646,0.6545780033211639,true
1099,4.579166666666667,0,0.39567530771680937,0.6545770062633535,true
1100,4.583333333333333,0,0.39567292002573695,0.654576009205543,true
1101,4.5875,0,0.395663526691628,0.65457522205464,true
1102,4.591666666666667,0,0.39565311006134524,0.6545746448106445,true
1103,4.595833333333333,0,0.39564439892468556,0.6545743299502833,true
1104,4.6,0,0.3956382066709154,0.6545741725201027,true
1105,4.604166666666667,0,0.3956343496314908,0.654574067566649,true
1106,4.608333333333333,0,0.3955103996026345,0.6546119557634459,true
1107,4.6125,0,0.39541693855208704,0.6547758405814469,true
1108,4.616666666666666,0,0.3953702867419036,0.6548675174232809,true
1109,4.620833333333334,0,0.3952358676060376,0.6549130147454734,true
1110,4.625,0,0.3951675429076587,0.6549276557522687,true
1111,4.629166666666666,0,0.39514112087568193,0.6549262913573702,true
1112,4.633333333333334,0,0.3953132445398008,0.6550125630963372,true
1113,4.6375,0,0.39546553200116447,0.6550411629124788,true
1114,4.641666666666667,0,0.395829353148523,0.6551421806116949,true
1115,4.645833333333333,0,0.3960570759047559,0.654984120710376,true
1116,4.65,0,0.39603619016746344,0.6546557213536517,true
1117,4.654166666666667,0,0.39626333567970073,0.6545850876792908,true
1118,4.658333333333333,0,0.3966987875592307,0.6548695115389018,true
1119,4.6625,0,0.39695652700323064,0.6548156704171378,true
1120,4.666666666666667,0,0.3971777688836956,0.6545276781400999,true
1121,4.670833333333333,0,0.39765084657638816,0.6545530768759028,true
1122,4.675,0,0.39826464061217054,0.654740261360632,true
1123,4.679166666666666,0,0.3987060486001997,0.6546758724167681,true
1124,4.683333333333334,0,0.39901490037616666,0.6545616305823819,true
1125,4.6875,0,0.3994745440267816,0.6544826531084493,true
1126,4.691666666666666,0,0.39982771239858644,0.6544700062172747,true
1127,4.695833333333334,0,0.4001393716794407,0.6544303862884913,true
1128,4.7,0,0.4004332413498875,0.6545399052174595,true
1129,4.704166666666667,0,0.40085507551879584,0.6543431699684408,true
1130,4.708333333333333,0,0.40131723805230035,0.6544892651760343,true
1131,4.7125,0,0.4017736806225765,0.6545810469713221,true
1132,4.716666666666667,0,0.40209373617972927,0.6545915423166953,true
1133,4.720833333333333,0,0.4022852762327883,0.6546868925294098,true
1134,4.725,0,0.4026169029082149,0.6547167517869963,true
1135,4.729166666666667,0,0.402759088599657,0.6547258827374709,true
1136,4.733333333333333,0,0.4027865601661711,0.6545551759449775,true
1137,4.7375,0,0.40276360159816743,0.654452741374136,true
1138,4.741666666666666,0,0.4027240866228377,0.6544001596938167,true
1139,4.745833333333334,0,0.40268569989713554,0.6543794313867048,true
1140,4.75,0,0.4026556832093685,0.6543763877365466,true
1141,4.754166666666666,0,0.4026353484777081,0.6543813730255988,true
1142,4.758333333333334,0,0.40262327883052906,0.6543887722440869,true
1143,4.7625,0,0.4026171652918492,0.6543956466953063,true
1144,4.766666666666667,0,0.4026148300775037,0.6544009468447197,true
1145,4.770833333333333,0,0.4026145676938694,0.6544044627854197,true
1146,4.775,0,0.4026152236529552,0.6544064569010406,true
1147,4.779166666666667,0,0.40261614199567536,0.654407453958851,true
1148,4.783333333333333,0,0.40261698162330517,0.6544078212959391,true
1149,4.7875,0,0.40261761134402757,0.6544078212959391,true
1150,4.791666666666667,0,0.4026180311578425,0.6544077163424854,true
1151,4.795833333333333,0,0.40263264592627457,0.654388352430272,true
1152,4.8,0,0.40264098972584617,0.6543771748874496,true
1153,4.804166666666666,0,0.4026449517187245,0.6543718222613094,true
1154,4.808333333333334,0,0.40264626363689615,0.6543699855758691,true
1155,4.8125,0,0.4026461849218058,0.654370038052596,true
1156,4.816666666666666,0,0.40264552896272005,0.6543708252034989,true
1157,4.820833333333334,0,0.40264476805018046,0.6543718222613094,true
1158,4.825,0,0.4026441383294581,0.6543726618889392,true
1159,4.829166666666667,0,0.4026436660389163,0.6543732916096616,true
1160,4.833333333333333,0,0.4026433774169185,0.6543736589467497,true
1161,4.8375,0,0.40264321998673797,0.6543738688536571,true
1162,4.841666666666667,0,0.4027189963803317,0.6544740469252434,true
1163,4.845833333333333,0,0.40276234215672263,0.6545312990342537,true
1164,4.85,0,0.40274379163377566,0.6544307011488525,true
1165,4.854166666666667,0,0.40272828476098693,0.6543666795420765,true
1166,4.858333333333333,0,0.40271723840998175,0.6543312577514423,true
1167,4.8625,0,0.40271036395876236,0.6543151473962946,true
1168,4.866666666666666,0,0.4027066381111549,0.6543104769676036,true
1169,4.870833333333334,0,0.4027443426394078,0.6544396746691464,true
1170,4.875,0,0.4027664091030547,0.6545161857369164,true
1171,4.879166666666666,0,0.40277735050060615,0.6545548086078894,true
1172,4.883333333333334,0,0.4027813649702114,0.6545695020914117,true
1173,4.8875,0,0.4027816273538457,0.6545711288699445,true
1174,4.891666666666667,0,0.4027802629589472,0.6545668782550684,true
1175,4.895833333333333,0,0.40277847875023376,0.6545610008616595,true
1176,4.9,0,0.40277687821006436,0.6545556482355193,true
1177,4.904166666666667,0,0.4027756974837099,0.6545516075275506,true
1178,4.908333333333333,0,0.40277493657117036,0.6545489836912073,true
1179,4.9125,0,0.402774490518992,0.6545474618661282,true
1180,4.916666666666667,0,0.4027349755436623,0.6544187364551272,true
1181,4.920833333333333,0,0.40271243678947355,0.6543453215142423,true
1182,4.925,0,0.4027016790604661,0.654310319537423,true
1183,4.929166666666666,0,0.4026981106430393,0.6542986697040588,true
1184,4.933333333333334,0,0.4026983205499467,0.6542992994247813,true
1185,4.9375,0,0.4027000522819333,0.6543049669112827,true
1186,4.941666666666666,0,0.40270209887428104,0.6543116314555947,true
1187,4.945833333333334,0,0.40270385684463106,0.6543172989420961,true
1188,4.95,0,0.4027051162860758,0.6543213921267916,true
1189,4.954166666666667,0,0.40278005305203973,0.6544266604408838,true
1190,4.958333333333333,0,0.40282290029952544,0.6544867462931448,true
1191,4.9625,0,0.402843366223003,0.6545155035394671,true
1192,4.966666666666667,0,0.40285021443585894,0.6545251067804835,true
1193,4.970833333333333,0,0.4028498995754977,0.6545246344899417,true
1194,4.975,0,0.40284887627932386,0.6544358963448121,true
1195,4.979166666666667,0,0.4028895982193715,0.6543487325014885,true
1196,4.983333333333333,0,0.4029116646830184,0.6543018707843976,true
1197,4.9875,0,0.4029785725097719,0.6542649271686843,true
1198,4.991666666666666,0,0.40314405786794233,0.6542298727151382,true
1199,4.995833333333334,0,0.40338201358591397,0.6541133219047699,true
1200,5.0,0,0.40376254857077915,0.6540727049181759,true
1201,5.004166666666666,0,0.4040156438244515,0.6541065524070042,true
1202,5.008333333333334,0,0.40428655492689464,0.6539125459477825,true
1203,5.0125,0,0.4046230881762831,0.6539098171579855,true
1204,5.016666666666667,0,0.40491443896384044,0.6539089775303556,true
1205,5.020833333333333,0,0.40518883976862013,0.6538796955167646,true
1206,5.025,0,0.40538657207544937,0.6538571830009393,true
1207,5.029166666666667,0,0.40546930163535283,0.6536372530386461,true
1208,5.033333333333333,0,0.40567897239754397,0.6536495325927325,true
1209,5.0375,0,0.40583047270800465,0.6535542348567448,true
1210,5.041666666666667,0,0.4060924365285173,0.653525267703515,true
1211,5.045833333333333,0,0.40624687553568245,0.6535095771621823,true
1212,5.05,0,0.40659033571301717,0.6536019362014656,true
1213,5.054166666666666,0,0.4068592789382029,0.6537514948730322,true
1214,5.058333333333334,0,0.40715619225880795,0.6539210471775346,true
1215,5.0625,0,0.4073428257379051,0.6538419122734215,true
1216,5.066666666666666,0,0.4079406668487204,0.6537598386726038,true
1217,5.070833333333334,0,0.408292549540717,0.653584986218688,true
1218,5.075,0,0.40854653689874604,0.653439835592178,true
1219,5.079166666666667,0,0.4085154969148051,0.6533304740933903,true
1220,5.083333333333333,0,0.4087002412317351,0.6530430590603479,true
1221,5.0875,0,0.40880194112840046,0.6529733699670706,true
1222,5.091666666666667,0,0.4090232879623191,0.653042271909445,true
1223,5.095833333333333,0,0.40943507283803277,0.6531497442460655,true
1224,5.1,0,0.409703806156311,0.6532270949414652,true
1225,5.104166666666667,0,0.40975733241771384,0.653264668277901,true
1226,5.108333333333333,0,0.4097787691606384,0.6532830351323039,true
1227,5.1125,0,0.40976250137531006,0.6532889125257128,true
1228,5.116666666666666,0,0.4097336916522609,0.6532883877584441,true
1229,5.120833333333334,0,0.4097054854115707,0.6532851866781053,true
1230,5.125,0,0.4096833402328335,0.6532815657839516,true
1231,5.129166666666666,0,0.4096683056505865,0.6532784696570666,true
1232,5.133333333333334,0,0.4095637720106704,0.6533817963322648,true
1233,5.1375,0,0.40950457826276615,0.6534407801732616,true
1234,5.141666666666667,0,0.4094766868824371,0.6534689076988615,true
1235,5.145833333333333,0,0.4094676871237797,0.6534782485562436,true
1236,5.15,0,0.40946852675140955,0.6534777762657018,true
1237,5.154166666666667,0,0.4095689409682667,0.6533676800927379,true
1238,5.158333333333333,0,0.409629105535618,0.6533019792307023,true
1239,5.1625,0,0.40965993561265146,0.653268551555689,true
1240,5.166666666666667,0,0.409672031498194,0.6532555898041532,true
1241,5.170833333333333,0,0.4096737632301805,0.6532539105488935,true
1242,5.175,0,0.4096707720567492,0.6532573215361398,true
1243,5.179166666666666,0,0.4096663902500559,0.6532622018717382,true
1244,5.183333333333334,0,0.4096623233037238,0.6532667148702487,true
1245,5.1875,0,0.4096592271768388,0.653270125857495,true
1246,5.191666666666666,0,0.409657180584491,0.6532723823567501,true
1247,5.195833333333334,0,0.40965599985813655,0.6532736417981949,true
1248,5.2,0,0.409655422614141,0.6532742715189174,true
1249,5.204166666666667,0,0.40965521270723354,0.6532744814258248,true
1250,5.208333333333333,0,0.40965521270723354,0.6532744814258248,false
1251,5.2125,0,0.4096552914223239,0.6532744289490979,true
1252,5.216666666666667,0,0.4096553963757776,0.6532743239956442,true
1253,5.220833333333333,0,0.4096554750908679,0.6532742190421904,true
1254,5.225,0,0.40965552756759477,0.6532741665654636,true
1255,5.229166666666667,0,0.4096555800443216,0.6532741140887367,true
1256,5.233333333333333,0,0.40965560628268505,0.6532740616120098,true
1257,5.2375,0,0.40965560628268505,0.6532740616120098,false
1258,5.241666666666666,0,0.4096855967320887,0.6532799390054188,true
1259,5.245833333333334,0,0.4097027566217737,0.6532832450392113,true
1260,5.25,0,0.40971094299116473,0.6532848718177442,true
1261,5.254166666666666,0,0.40971369801932517,0.6532853965850128,true
1262,5.258333333333334,0,0.409713566827508,0.653285344108286,true
1263,5.2625,0,0.4097122811476998,0.6532851342013785,true
1264,5.266666666666667,0,0.40971073308425726,0.6532848193410173,true
1265,5.270833333333333,0,0.4097094211660856,0.653284556957383,true
1266,5.275,0,0.40967848613559843,0.6532785221337934,true
1267,5.279166666666667,0,0.4096607227635544,0.6532750586698203,true
1268,5.283333333333333,0,0.4096521952954388,0.6532733794145607,true
1269,5.2875,0,0.4096492828370978,0.653272802170565,true
1270,5.291666666666667,0,0.40964936155218806,0.653272802170565,true
1271,5.295833333333333,0,0.4096506734703597,0.6532730645541994,true
1272,5.3,0,0.40965224777216563,0.6532733794145607,true
1273,5.304166666666666,0,0.4096535859287007,0.6532736417981949,true
1274,5.308333333333334,0,0.4096545829865112,0.6532738517051024,true
1275,5.3125,0,0.40965521270723354,0.653274009135283,true
1276,5.316666666666666,0,0.4096555538059582,0.6532740616120098,true
1277,5.320833333333334,0,0.4096557112361388,0.6532740616120098,true
1278,5.325,0,0.40965573747450224,0.6532740616120098,true
1279,5.329166666666667,0,0.40965573747450224,0.6532740616120098,false
1280,5.333333333333333,0,0.4096557112361388,0.6532740616120098,true
1281,5.3375,0,0.4096556849977753,0.6532740616120098,true
1282,5.341666666666667,0,0.4096556587594119,0.6532740616120098,true
1283,5.345833333333333,0,0.40962501235092247,0.6532731170309263,true
1284,5.35,0,0.4096074851241494,0.6532725922636576,true
1285,5.354166666666667,0,0.4095991150862143,0.6532723298800233,true
1286,5.358333333333333,0,0.40959630758132703,0.6532722249265696,true
1287,5.3625,0,0.40959641253478074,0.6532722249265696,true
1288,5.366666666666666,0,0.4096283446230784,0.65324593408641,true
1289,5.370833333333334,0,0.409647419913294,0.6532309257425264,true
1290,5.375,0,0.40965712810776417,0.6532237889076727,true
1291,5.379166666666666,0,0.40966090643209846,0.6532214274549638,true
1292,5.383333333333334,0,0.4096614049610037,0.6532215324084175,true
1293,5.3875,0,0.4096604341415567,0.6532226868964085,true
1294,5.391666666666667,0,0.4096590172699313,0.653224051291307,true
1295,5.395833333333333,0,0.40965770535175966,0.6532252057792981,true
1296,5.4,0,0.40965670829394923,0.653226045406928,true
1297,5.404166666666667,0,0.40965607857322683,0.6532265701741966,true
1298,5.408333333333333,0,0.4096557112361388,0.6532268325578309,true
1299,5.4125,0,0.40965552756759477,0.6532269899880115,true
1300,5.416666666666667,0,0.4096968792283648,0.6531807055149161,true
1301,5.420833333333333,0,0.40972057247054455,0.653154204767849,true
1302,5.425,0,0.4097319336819109,0.6531415053999476,true
1303,5.429166666666666,0,0.409701077366514,0.6530589595085882,true
1304,5.433333333333334,0,0.4096811099719417,0.6530143542907525,true
1305,5.4375,0,0.4097198640347319,0.653028575483733,true
1306,5.441666666666666,0,0.40974318993982356,0.6530429541068942,true
1307,5.445833333333334,0,0.40981219683565173,0.6532661376262532,true
1308,5.45,0,0.40984956026517994,0.6533950729441618,true
1309,5.454166666666667,0,0.4096674922613201,0.6533925540612722,true
1310,5.458333333333333,0,0.4094431017772432,0.6534201568196034,true
1311,5.4625,0,0.4093697917898121,0.6533705663127155,true
1312,5.466666666666667,0,0.40939692225760155,0.6534769366380719,true
1313,5.470833333333333,0,0.4094601829518379,0.6535855634626835,true
1314,5.475,0,0.4095040797338609,0.653640768979346,true
1315,5.479166666666667,0,0.40953079038783546,0.6536620745304534,true
1316,5.483333333333333,0,0.4095447754355451,0.6536646983667966,true
1317,5.4875,0,0.4095504953987735,0.6536588734501146,true
1318,5.491666666666666,0,0.4095515711716742,0.6536506870807236,true
1319,5.495833333333334,0,0.40955046916041,0.6536432353855087,true
1320,5.5,0,0.40951158390580267,0.6533389753231424,true
1321,5.504166666666666,0,0.40948867781452586,0.6531644902063147,true
1322,5.508333333333334,0,0.4094771854113423,0.6530806323967836,true
1323,5.5125,0,0.4094728823197394,0.6530521900108225,true
1324,5.516666666666667,0,0.4094724887442879,0.6530530296384524,true
1325,5.520833333333333,0,0.40947382690082296,0.6530659913899881,true
1326,5.525,0,0.4094756373478998,0.6530814195476866,true
1327,5.529166666666667,0,0.40947726412643265,0.6530947486363105,true
1328,5.533333333333333,0,0.40947847109115054,0.6531044568307806,true
1329,5.5375,0,0.4094792582420535,0.6531105966078238,true
1330,5.541666666666667,0,0.40947970429423186,0.6531140075950701,true
1331,5.545833333333333,0,0.40947991420113933,0.6531155294201492,true
1332,5.55,0,0.40947999291622966,0.6531159492339641,true
1333,5.554166666666666,0,0.4090350165107736,0.6528685214667932,true
1334,5.558333333333334,0,0.40878055686220277,0.6527267818275295,true
1335,5.5625,0,0.40944884797883496,0.652710986332743,true
1336,5.566666666666666,0,0.4098642537487023,0.6529264032965258,true
1337,5.570833333333334,0,0.41011824110673134,0.6530599040896717,true
1338,5.575,0,0.41041922137366843,0.6530940664388611,true
1339,5.579166666666667,0,0.4106060122829462,0.6529286597957811,true
1340,5.583333333333333,0,0.4107510579560025,0.6529564724610198,true
1341,5.5875,0,0.4110822123408872,0.6527642502105114,true
1342,5.591666666666667,0,0.41151661468587986,0.6526494311321298,true
1343,5.595833333333333,0,0.41189775315310406,0.652678188378452,true
1344,5.6,0,0.411780310238379,0.6529323331666617,true
1345,5.604166666666667,0,0.4119502823566964,0.6529184793107692,true
1346,5.608333333333333,0,0.41202109969960143,0.6529014768512648,true
1347,5.6125,0,0.41199528114998357,0.6529445602440214,true
1348,5.616666666666666,0,0.41177768640203577,0.6530584347413195,true
1349,5.620833333333334,0,0.4116617390740264,0.6530993665882746,true
1350,5.625,0,0.4115993704841468,0.6531142699787044,true
1351,5.629166666666666,0,0.4116048805404677,0.6531290684156805,true
1352,5.633333333333334,0,0.41161697642601014,0.6531317447287506,true
1353,5.6375,0,0.4116293609335504,0.6531288060320461,true
1354,5.641666666666667,0,0.41163930527329146,0.6531240831266283,true
1355,5.645833333333333,0,0.41164617972451084,0.6531195701281178,true
1356,5.65,0,0.41165035162429664,0.6531161066641447,true
1357,5.654166666666667,0,0.41160351614556917,0.6530848830116597,true
1358,5.658333333333333,0,0.4115763856777797,0.6530669884477985,true
1359,5.6625,0,0.41156313530424615,0.6530583822645927,true
1360,5.666666666666667,0,0.41155846487555514,0.653055496044615,true
1361,5.670833333333333,0,0.4115583599221014,0.6530556009980688,true
1362,5.675,0,0.4115602228459051,0.6530569129162404,true
1363,5.679166666666666,0,0.41156250558352375,0.6530584872180464,true
1364,5.683333333333334,0,0.4115645259375081,0.6530598516129449,true
1365,5.6875,0,0.4115660215242238,0.6530608486707553,true
1366,5.691666666666666,0,0.41156696610530735,0.6530614783914777,true
1367,5.695833333333334,0,0.411567490872576,0.6530618457285657,true
1368,5.7,0,0.4116167665191027,0.6530908653585223,true
1369,5.704166666666667,0,0.4116448678063392,0.6531074480042118,true
1370,5.708333333333333,0,0.4116582756100533,0.6531153195132418,true
1371,5.7125,0,0.4116627098934734,0.653117943349585,true
1372,5.716666666666667,0,0.41166247374820253,0.6531177859194044,true
1373,5.720833333333333,0,0.41166029596403764,0.6531165264779596,true
1374,5.725,0,0.41165775084278466,0.6531150046528805,true
1375,5.729166666666667,0,0.4116555730586197,0.6531137452114357,true
1376,5.733333333333333,0,0.4116540249951772,0.6531128006303522,true
1377,5.7375,0,0.4116040146744744,0.6530833611865806,true
1378,5.741666666666666,0,0.41157541485833266,0.6530665161572567,true
1379,5.745833333333334,0,0.4115617446709842,0.6530584872180464,true
1380,5.75,0,0.4115571791957469,0.6530558109049762,true
1381,5.754166666666666,0,0.4115573891026544,0.6530559158584299,true
1382,5.758333333333334,0,0.4116086063880751,0.6530860899763776,true
1383,5.7625,0,0.411661712835663,0.6530591169387687,true
1384,5.766666666666667,0,0.41169020769835096,0.6530425867698061,true
1385,5.770833333333333,0,0.4117024610140741,0.6530338756331464,true
1386,5.775,0,0.41170534723405167,0.6530302547389927,true
1387,5.779166666666667,0,0.4117036942171554,0.6530295200648166,true
1388,5.783333333333333,0,0.41170044066008976,0.653030149785539,true
1389,5.7875,0,0.41169721334138754,0.6530311993200764,true
1390,5.791666666666667,0,0.4116946419817711,0.6530322488546136,true
1391,5.795833333333333,0,0.41195390325085013,0.6528873606117379,true
1392,5.8,0,0.4121020975275183,0.652804604813471,true
1393,5.804166666666666,0,0.41212198620700036,0.6528272222827501,true
1394,5.808333333333334,0,0.41211655486576976,0.6528495773683948,true
1395,5.8125,0,0.41217968436818897,0.6528605450043097,true
1396,5.816666666666666,0,0.4122083891377844,0.6528687838504276,true
1397,5.820833333333334,0,0.4124774897931507,0.6530591694154956,true
1398,5.825,0,0.4126560418563106,0.6531847986996117,true
1399,5.829166666666667,0,0.41264158451805916,0.6530713440161284,true
1400,5.833333333333333,0,0.4125664640835512,0.6528758682085544,true
1401,5.8375,0,0.41255124583276015,0.6527767921482324,true
1402,5.841666666666667,0,0.4126650153766046,0.6530583822645927,true
1403,5.845833333333333,0,0.4128307893567727,0.653073443085203,true
1404,5.85,0,0.4130177639345945,0.6527819348674652,true
1405,5.854166666666667,0,0.41311673504146285,0.6524881701504721,true
1406,5.858333333333333,0,0.4131399297547374,0.6524112917456141,true
1407,5.8625,0,0.41321389570125433,0.6524994001700213,true
1408,5.866666666666666,0,0.41324197075012736,0.6524052044452977,true
1409,5.870833333333334,0,0.413320161073157,0.6524855987908557,true
1410,5.875,0,0.4135968183771919,0.652503021064175,true
1411,5.879166666666666,0,0.4139080316058678,0.6524642407630213,true
1412,5.883333333333334,0,0.4142349878526033,0.6523826919294724,true
1413,5.8875,0,0.4142720101834069,0.6523695202710291,true
1414,5.891666666666667,0,0.4142883304454621,0.6523144197078203,true
1415,5.895833333333333,0,0.41445680697706383,0.652341077885068,true
1416,5.9,0,0.4147539302045763,0.6523234981815681,true
1417,5.904166666666667,0,0.41491154405371683,0.6521076089272434,true
1418,5.908333333333333,0,0.41503788177364553,0.6521465991353045,true
1419,5.9125,0,0.4152006121036555,0.6521845922855551,true
1420,5.916666666666667,0,0.41538916098328327,0.6523515207537143,true
1421,5.920833333333333,0,0.41559736239712214,0.6524858086977631,true
1422,5.925,0,0.4159525773612747,0.6522868694262159,true
1423,5.929166666666666,0,0.41619557084502545,0.6521235618522105,true
1424,5.933333333333334,0,0.41653273381513634,0.6522873941934847,true
1425,5.9375,0,0.41654847683319596,0.6520817903776256,true
1426,5.941666666666666,0,0.41689133352817176,0.6519420448539828,true
1427,5.945833333333334,0,0.41725457743153477,0.6519457182248634,true
1428,5.95,0,0.41745404147035053,0.6522324510604565,true
1429,5.954166666666667,0,0.417525488533978,0.6524049945383903,true
1430,5.958333333333333,0,0.4175602281271629,0.6525153530949884,true
1431,5.9625,0,0.4175873585949524,0.6526835410045924,true
1432,5.966666666666667,0,0.41766287260491186,0.6526367317642283,true
1433,5.970833333333333,0,0.41759774898687174,0.6526303820802776,true
1434,5.975,0,0.4175766533426718,0.6525445301551256,true
1435,5.979166666666667,0,0.4175594934529868,0.6524894295919168,true
1436,5.983333333333333,0,0.4176399402752716,0.6524216821375335,true
1437,5.9875,0,0.417685437597464,0.6523863128236261,true
1438,5.991666666666666,0,0.41770684810202513,0.6523718817237381,true
1439,5.995833333333334,0,0.4177390163355937,0.6523587100652949,true
1440,6.0,0,0.4177858780526846,0.6522167605191237,true
1441,6.004166666666666,0,0.41780797075469495,0.6521390949633628,true
1442,6.008333333333334,0,0.4178150813511852,0.6521045652770853,true
1443,6.0125,0,0.4178144253920994,0.65209527689643,true
1444,6.016666666666667,0,0.4178106208294017,0.6520985829302226,true
1445,6.020833333333333,0,0.41780626526107184,0.6521064544392524,true
1446,6.025,0,0.41780256565182783,0.6521146932853703,true
1447,6.029166666666667,0,0.4177999155771211,0.652121410306409,true
1448,6.033333333333333,0,0.4177982363218614,0.6521260807351,true
1449,6.0375,0,0.41779731797914127,0.6521289144783509,true
1450,6.041666666666667,0,0.41779692440368976,0.6521303838267031,true
1451,6.045833333333333,0,0.41779681945023606,0.6521310135474254,true
1452,6.05,0,0.4177968719269629,0.6521311185008791,true
1453,6.054166666666666,0,0.41783360563576877,0.652242001824746,true
1454,6.058333333333334,0,0.4178546750416053,0.6523052887573457,true
1455,6.0625,0,0.4178647768115269,0.6523354628752934,true
1456,6.066666666666666,0,0.4178681877987731,0.6523454859301248,true
1457,6.070833333333334,0,0.417868056606956,0.6523449611628561,true
1458,6.075,0,0.41786648230515,0.6523400808272576,true
1459,6.079166666666667,0,0.4178646193813463,0.6523343608640293,true
1460,6.083333333333333,0,0.4178630188411769,0.6523294805284308,true
1461,6.0875,0,0.4178618381148224,0.6523259645877307,true
1462,6.091666666666667,0,0.4178611034406463,0.6523237080884756,true
1463,6.095833333333333,0,0.4178607098651948,0.6523224486470308,true
1464,6.1,0,0.4179204546187312,0.6522851901709563,true
1465,6.104166666666667,0,0.4179546694446475,0.6522640945267564,true
1466,6.108333333333333,0,0.41797106842179294,0.6522541239486519,true
1467,6.1125,0,0.41797660471647724,0.6522508703915862,true
1468,6.116666666666666,0,0.41797642104793326,0.6522511327752206,true
1469,6.120833333333334,0,0.4179738496883168,0.6522528120304802,true
1470,6.125,0,0.4179708060381586,0.6522547536693744,true
1471,6.129166666666666,0,0.41796818220181536,0.652256432924634,true
1472,6.133333333333334,0,0.41796629303964816,0.6522576398893519,true
1473,6.1375,0,0.4179428884194662,0.6521404068815344,true
1474,6.141666666666667,0,0.4179295330924789,0.6520733416246003,true
1475,6.145833333333333,0,0.4178455965678575,0.6520711376020719,true
1476,6.15,0,0.41779915466458156,0.6520774872860227,true
1477,6.154166666666667,0,0.4177780327820182,0.6520860934692285,true
1478,6.158333333333333,0,0.41777194548170177,0.6520939649782584,true
1479,6.1625,0,0.41777344106841746,0.6520998423716673,true
1480,6.166666666666667,0,0.41777784911347415,0.6521036731727285,true
1481,6.170833333333333,0,0.41780870542887105,0.6520624264654122,true
1482,6.175,0,0.41782751833545234,0.6520386545081421,true
1483,6.179166666666666,0,0.41783738396010306,0.6520271096282317,true
1484,6.183333333333334,0,0.4178414771447986,0.6520231213969899,true
1485,6.1875,0,0.4178422642957016,0.6520231213969899,true
1486,6.191666666666666,0,0.417841503383162,0.6520248531289765,true
1487,6.195833333333334,0,0.41784024394171726,0.6520268997213243,true
1488,6.2,0,0.4178390369769993,0.6520286839300377,true
1489,6.204166666666667,0,0.41783811863427917,0.6520299958482093,true
1490,6.208333333333333,0,0.4178374889135568,0.6520308354758392,true
1491,6.2125,0,0.41783712157646874,0.6520312552896541,true
1492,6.216666666666667,0,0.4178369379079247,0.6520314651965615,true
1493,6.220833333333333,0,0.4178368591928344,0.6520315176732885,true
1494,6.225,0,0.417836832954471,0.6520315176732885,true
1495,6.229166666666667,0,0.4178368591928344,0.6520315176732885,true
1496,6.233333333333333,0,0.41783688543119785,0.6520314651965615,true
1497,6.2375,0,0.4178369116695613,0.6520314127198347,true
1498,6.241666666666666,0,0.4178369379079247,0.6520313602431078,true
1499,6.245833333333334,0,0.4178369641462881,0.6520313602431078,true
1500,6.25,0,0.4178369641462881,0.6520313602431078,false
1501,6.254166666666666,0,0.4178667446887843,0.6520225441529944,true
1502,6.258333333333334,0,0.41781707546680613,0.6520037574847766,true
1503,6.2625,0,0.41778708501740247,0.6519935245230378,true
1504,6.266666666666667,0,0.41749318910859223,0.6519693327519528,true
1505,6.270833333333333,0,0.41732778246551216,0.6519568957676857,true
1506,6.275,0,0.4172965850513906,0.651913864851656,true
1507,6.279166666666667,0,0.4172987365971921,0.6518912998591038,true
1508,6.283333333333333,0,0.4173145320919786,0.6518820114784486,true
1509,6.2875,0,0.4173328464696547,0.651880279746462,true
1510,6.291666666666667,0,0.417325893303345,0.6518928741609098,true
1511,6.295833333333333,0,0.4173549654100285,0.6518772885730307,true
1512,6.3,0,0.4173432893383009,0.6519097716669605,true
1513,6.304166666666666,0,0.41733625745690095,0.651929502916262,true
1514,6.308333333333334,0,0.41733266280111064,0.6519398408314544,true
1515,6.3125,0,0.41733121969112186,0.6519440389696036,true
1516,6.316666666666666,0,0.4173310097842144,0.6519448261205066,true
1517,6.320833333333334,0,0.417331350882939,0.6519440389696036,true
1518,6.325,0,0.41733184941184426,0.651942727051432,true
1519,6.329166666666667,0,0.41730120300335477,0.6518231325909055,true
1520,6.333333333333333,0,0.41691814913560005,0.651745676942052,true
1521,6.3375,0,0.41670084300965,0.6517075788383477,true
1522,6.341666666666667,0,0.4166170901535726,0.6515302075015422,true
1523,6.345833333333333,0,0.4162748369409558,0.6511313843773644,true
1524,6.35,0,0.41609998448703994,0.6509174892386607,true
1525,6.354166666666667,0,0.4160316860270245,0.6508255500131923,true
1526,6.358333333333333,0,0.41602237140800585,0.6508039296017237,true
1527,6.3625,0,0.41603984615805206,0.6508164190627177,true
1528,6.366666666666666,0,0.4160650349869475,0.6508407157872564,true
1529,6.370833333333334,0,0.41608830841531236,0.6508650125117952,true
1530,6.375,0,0.41610599307226603,0.6508843764240085,true
1531,6.379166666666666,0,0.4161176691439936,0.6508976005591787,true
1532,6.383333333333334,0,0.41612443864175924,0.6509055770216622,true
1533,6.3875,0,0.4161277184371884,0.6509096702063577,true
1534,6.391666666666667,0,0.4161288729251794,0.6509112445081636,true
1535,6.395833333333333,0,0.41612889916354284,0.650911506891798,true
1536,6.4,0,0.41612842687300106,0.6509111395547099,true
1537,6.404166666666667,0,0.4161278496290055,0.6509105623107144,true
1538,6.408333333333333,0,0.4161273511001003,0.6509100375434458,true
1539,6.4125,0,0.4161269837630122,0.6509096177296309,true
1540,6.416666666666667,0,0.4161267476177413,0.6509093553459965,true
1541,6.420833333333333,0,0.4161266164259242,0.6509091979158159,true
1542,6.425,0,0.41612656394919734,0.6509091454390891,true
1543,6.429166666666666,0,0.4161265377108339,0.6509090929623622,true
1545,6.4375,0,0.4161265377108339,0.6509090929623622,false
1546,6.441666666666666,0,0.41612656394919734,0.6509090929623622,true
1547,6.445833333333334,0,0.41612659018756076,0.6509091454390891,true
1661,6.920833333333333,0,0.41612659018756076,0.6509091454390891,false
1662,6.925,0,0.41624450539282754,0.6518609683109755,true
1663,6.929166666666666,0,0.4165715403546534,0.6524938901137004,true
1664,6.933333333333334,0,0.4169452271266626,0.6528052345341935,true
1665,6.9375,0,0.4177881345519398,0.652919318938399,true
1666,6.941666666666666,0,0.4183088086358993,0.6530049084799167,true
1667,6.945833333333334,0,0.41861766041186627,0.6529114999060961,true
1668,6.95,0,0.4186812097281004,0.6529781453492153,true
1669,6.954166666666667,0,0.4187975506315612,0.6532640910339054,true
1670,6.958333333333333,0,0.4191867967530861,0.6533692543945439,true
1671,6.9625,0,0.41939625760836974,0.6532438874940621,true
1672,6.966666666666667,0,0.41951858085869326,0.6532125064113966,true
1673,6.970833333333333,0,0.41964058924865555,0.653294684965668,true
1674,6.975,0,0.41992139221411284,0.6533409169620366,true
1675,6.979166666666667,0,0.4201723359219837,0.6533332553599142,true
1676,6.983333333333333,0,0.4203794878012853,0.6534173755530795,true
1677,6.9875,0,0.420416090318274,0.653463660026175,true
1678,6.991666666666666,0,0.42063116618333224,0.6533511499237753,true
1679,6.995833333333334,0,0.420793765321525,0.653303291148874,true
1680,7.0,0,0.4207311081096476,0.6534892686688853,true
1681,7.004166666666666,0,0.4206695791473978,0.6535991024582148,true
1682,7.008333333333334,0,0.4206211693668644,0.6536543079748773,true
1683,7.0125,0,0.4205882139823928,0.653675088758716,true
1684,7.016666666666667,0,0.42056858768654515,0.6536771353510638,true
1685,7.020833333333333,0,0.42055859087007724,0.6536707856671131,true
1686,7.025,0,0.4205547075922892,0.653662231960634,true
1687,7.029166666666667,0,0.420554209063384,0.6536545178817847,true
1688,7.033333333333333,0,0.4206553841927807,0.6536809136753982,true
1689,7.0375,0,0.42061395381692035,0.6536633339718981,true
1690,7.041666666666667,0,0.4205854589542324,0.6536515791850803,true
1691,7.045833333333333,0,0.4205682465878205,0.6536447047338609,true
1692,7.05,0,0.42055935178261683,0.6536412937466146,true
1693,7.054166666666666,0,0.42055578336518995,0.6536400343051699,true
1694,7.058333333333334,0,0.420555179882831,0.6536399293517161,true
1695,7.0625,0,0.420555967033734,0.653640349165531,true
1696,7.066666666666666,0,0.4205571739984519,0.6536409264095266,true
1697,7.070833333333334,0,0.4205583284864429,0.6536413987000684,true
1698,7.075,0,0.4206153969269092,0.6536442324433192,true
1699,7.079166666666667,0,0.42059191359163683,0.6536434452924161,true
1700,7.083333333333333,0,0.42063171718896436,0.6536452295011296,true
1701,7.0875,0,0.4205975810781383,0.6536438126295042,true
1702,7.091666666666667,0,0.4205755146144914,0.6536428680484206,true
1703,7.095833333333333,0,0.4206192802046972,0.6536447572105878,true
1704,7.1,0,0.420680809166947,0.6536858989644504,true
1705,7.104166666666667,0,0.4206792611035045,0.6536693687954878,true
1706,7.108333333333333,0,0.42067411838427166,0.6536576664853967,true
1707,7.1125,0,0.4206123270383875,0.6536480107676534,true
1708,7.116666666666666,0,0.4206317696656912,0.6536451245476759,true
1709,7.120833333333334,0,0.42064525618449566,0.6536441799665923,true
1710,7.125,0,0.42065344255388665,0.6536442324433192,true
1711,7.129166666666666,0,0.42069295752921637,0.6536846919997324,true
1712,7.133333333333334,0,0.42067962844059253,0.653668109354043,true
1713,7.1375,0,0.42063919512254266,0.6536433403389624,true
1714,7.141666666666667,0,0.4206151345432748,0.6536288042856206,true
1715,7.145833333333333,0,0.4206029337042786,0.6536215100205863,true
1716,7.15,0,0.42059823703722415,0.6536188337075163,true
1717,7.154166666666667,0,0.4205091053166431,0.6536069739672447,true
1718,7.158333333333333,0,0.4205483316699751,0.6536128513606536,true
1719,7.1625,0,0.42057653791066524,0.6536174693126178,true
1720,7.166666666666667,0,0.4205943275210727,0.6536206179162296,true
1721,7.170833333333333,0,0.4206158954558144,0.653636885701558,true
1722,7.175,0,0.42062699428354644,0.6536460691287594,true
1723,7.179166666666666,0,0.42063140232860313,0.6536503722203624,true
1724,7.183333333333334,0,0.4206320845260524,0.6536517366152609,true
1725,7.1875,0,0.42063106122987853,0.6536515791850803,true
1726,7.191666666666666,0,0.420629513166436,0.6536507920341773,true
1727,7.195833333333334,0,0.42053941062640793,0.6536386699102714,true
1728,7.2,0,0.4205762755270309,0.6536427630949669,true
1729,7.204166666666667,0,0.42051332969315575,0.6536343143419415,true
1730,7.208333333333333,0,0.4204783277163365,0.6536295914365237,true
1731,7.2125,0,0.4204623485530059,0.6536273874139953,true
1732,7.216666666666667,0,0.42045765188595147,0.6536267052165461,true
1733,7.220833333333333,0,0.4204586751821253,0.6536268101699998,true
1734,7.225,0,0.4205738091208683,0.6536299062968849,true
1735,7.229166666666667,0,0.420552451093034,0.6536202505791416,true
1736,7.233333333333333,0,0.4205351600115318,0.6536147405228208,true
1737,7.2375,0,0.42052316907944304,0.6536120642097506,true
1738,7.241666666666666,0,0.4205158485760453,0.653611119628667,true
1739,7.245833333333334,0,0.42051201777498415,0.6536111721053939,true
1740,7.25,0,0.4205104434731782,0.6536115919192088,true
1741,7.254166666666666,0,0.42051012861281695,0.6536120642097506,true
1742,7.258333333333334,0,0.4205104434731782,0.6536124840235655,true
1743,7.2625,0,0.42051091576371996,0.6536127988839266,true
1744,7.266666666666667,0,0.42051138805426175,0.6536129563141073,true
1745,7.270833333333333,0,0.42063389497312925,0.6536295914365237,true
1746,7.275,0,0.42070400388022156,0.6536390372473595,true
1747,7.279166666666667,0,0.4207355948697946,0.653668476691131,true
1748,7.283333333333333,0,0.42074572287807965,0.6536842197091907,true
1749,7.2875,0,0.4209305459101,0.6537747945397605,true
1750,7.291666666666667,0,0.4209599591155081,0.6543051243414633,true
1751,7.295833333333333,0,0.4211492951460388,0.6546568233649159,true
1752,7.3,0,0.42134776212704417,0.6547585232615812,true
1753,7.304166666666666,0,0.42157800376616655,0.6550305101369251,true
1754,7.308333333333334,0,0.42185720619145445,0.6551794915644964,true
1755,7.3125,0,0.42213661852364986,0.6553577550056585,true
1756,7.316666666666666,0,0.4220740662652262,0.6555541229175892,true
1757,7.320833333333334,0,0.42238953010877817,0.6557992417087779,true
1758,7.325,0,0.42277518157451277,0.6562556318023273,true
1759,7.329166666666667,0,0.423199797009945,0.6564879462721609,true
1759,7.329166666666667,-1,0.6190406589343903,1.1005167269944718,false
